start,end,score,strand
732,756,88,-
1026,1051,71,+
2101,2140,61,+
3437,3461,59,-
3565,3594,52,+
5306,5326,51,-
5453,5486,61,-
6998,7023,67,-
7192,7215,48,-
8272,8296,59,-
10627,10647,64,-
14025,14055,51,-
14422,14443,49,+
14541,14584,54,+
15771,15814,49,-
20807,20831,48,-
21603,21647,48,+
23770,23788,50,-
24747,24771,48,-
31964,31989,67,+
32950,32968,67,-
33007,33028,51,-
33086,33115,98,+
34430,34459,98,-
34549,34582,58,-
34845,34878,48,-
35063,35085,61,-
36831,36864,65,-
37291,37327,62,-
37770,37803,80,-
41028,41052,48,-
42787,42814,55,+
43430,43450,47,-
45255,45300,65,-
45512,45541,98,+
45759,45798,51,-
46188,46208,64,-
47119,47147,60,+
47234,47251,50,-
47263,47292,67,-
49092,49125,64,-
50363,50388,57,-
52521,52540,47,-
52667,52688,48,-
52833,52859,56,-
54704,54733,98,-
55038,55062,48,+
55215,55234,47,-
56428,56460,57,+
56469,56496,69,-
56601,56628,55,+
63823,63840,50,+
65597,65630,64,-
65828,65856,71,+
66089,66114,72,-
67213,67231,85,-
71037,71070,68,-
72150,72189,58,-
74118,74143,57,-
74414,74439,47,-
74570,74597,85,-
75843,75877,59,-
78171,78198,55,-
80351,80374,59,+
80514,80556,53,+
80578,80611,62,-
84286,84310,48,+
85680,85709,69,+
89373,89413,55,-
91335,91356,48,+
93256,93279,60,-
93963,93989,56,-
94612,94644,62,+
96117,96157,54,-
96231,96255,48,-
96854,96886,65,-
97658,97697,49,-
97948,97968,47,-
99942,99971,98,+
99953,100000,79,-
104399,104445,49,+
104732,104749,50,-
105409,105433,59,-
106478,106513,65,-
108787,108816,58,-
112381,112411,68,-
113446,113465,112,+
113511,113534,72,-
113857,113890,48,+
115146,115164,67,-
115165,115210,53,+
116308,116337,115,-
116367,116403,61,-
119390,119423,48,+
121071,121089,52,-
121503,121535,54,-
123356,123386,83,+
125657,125683,68,+
125712,125742,62,+
127203,127229,55,+
127915,127946,63,+
127968,128003,62,-
128040,128068,58,-
128079,128099,93,+
129015,129046,60,+
129119,129153,102,+
129194,129211,69,-
130028,130070,57,+
130556,130572,52,-
130586,130604,50,-
131235,131268,63,-
131986,132015,63,+
132099,132128,65,-
134830,134853,89,-
137789,137808,47,-
138036,138072,56,-
138527,138552,57,+
138670,138691,63,-
139141,139173,59,-
139425,139444,49,+
139771,139792,51,+
141027,141049,48,+
142190,142212,61,-
142792,142825,62,-
143530,143563,62,-
144288,144304,52,-
144930,144952,48,-
144959,144983,48,+
146335,146358,72,-
147994,148014,49,-
149522,149571,90,-
151434,151471,56,-
152543,152573,51,-
153577,153604,71,-
153898,153923,69,-
155618,155647,98,+
155669,155698,63,-
157239,157258,49,+
157328,157376,49,+
157776,157818,54,-
158046,158068,89,-
163399,163417,50,-
165036,165069,56,-
165559,165584,47,-
166281,166306,69,-
170155,170174,47,-
171600,171620,49,-
175376,175398,61,-
178010,178029,66,-
178910,178940,51,-
181942,181974,67,-
182526,182563,64,-
184378,184406,54,-
184993,185017,71,-
185592,185625,65,-
185690,185720,68,-
186843,186869,68,+
187898,187941,52,-
187950,187967,69,+
188025,188049,70,-
188248,188266,49,-
189772,189813,54,-
191010,191050,55,+
191983,192010,53,-
192339,192372,92,+
192404,192436,108,-
194283,194305,48,+
194569,194592,49,+
196039,196079,49,-
196698,196716,50,-
200125,200142,50,-
200271,200294,48,-
200640,200678,56,-
201417,201438,63,-
201520,201537,52,-
201676,201695,47,-
204146,204163,52,+
205417,205460,49,-
206125,206151,56,+
206733,206777,54,+
207603,207621,67,-
212546,212578,64,-
213095,213116,49,-
213393,213425,68,-
213938,213956,50,-
216904,216938,62,-
217947,217976,98,+
221367,221399,70,+
223033,223053,49,+
225748,225787,57,-
226017,226043,60,-
226297,226327,63,-
226502,226546,54,+
227901,227921,47,-
229683,229719,73,+
229746,229778,94,-
230571,230602,52,-
231731,231754,60,-
232367,232411,67,-
232608,232641,63,-
233046,233094,47,-
233324,233362,55,-
234293,234324,112,-
236438,236467,98,-
236688,236725,76,-
238115,238148,51,-
240415,240433,51,-
241001,241044,80,-
241506,241526,64,-
242204,242226,48,-
244274,244312,69,+
248093,248123,96,+
248188,248230,54,-
248277,248296,47,-
250637,250666,52,+
254868,254899,50,-
256353,256375,62,-
256446,256475,83,-
257030,257058,101,-
258390,258413,60,+
260155,260178,60,-
262818,262861,54,+
263548,263587,58,-
263787,263805,51,-
265247,265270,60,-
265322,265364,50,-
266837,266859,48,-
268724,268760,55,-
269142,269179,47,+
272498,272526,66,-
274079,274116,62,-
274700,274719,49,-
275278,275312,57,-
275656,275684,54,-
275687,275709,61,+
276932,276953,48,+
280022,280042,49,-
281021,281041,47,-
281134,281164,51,-
283775,283804,98,+
285043,285072,98,+
285515,285539,60,+
286304,286325,63,-
292918,292936,67,-
294784,294810,56,-
295843,295869,64,+
296693,296719,64,-
297515,297545,51,-
298531,298554,69,-
298773,298793,47,+
299090,299128,61,-
299664,299687,60,-
301010,301029,47,+
301235,301255,64,-
301697,301730,60,-
302627,302643,52,-
302661,302695,59,-
303240,303267,71,-
304251,304285,62,-
304549,304580,112,-
305134,305164,51,-
306427,306450,70,-
306595,306615,51,+
307029,307061,49,-
307128,307159,77,-
310288,310329,54,+
311286,311314,52,+
311390,311419,98,+
311646,311665,49,-
311708,311740,63,-
311772,311805,47,-
312663,312690,53,-
313749,313770,49,-
313773,313817,67,+
313840,313857,50,-
317275,317310,78,-
318601,318631,57,-
319630,319671,54,-
327821,327838,50,-
328206,328245,50,-
328598,328615,52,-
329453,329482,52,+
331801,331830,98,+
332054,332082,69,-
332273,332292,49,-
332381,332400,47,+
332409,332430,51,+
333508,333556,49,-
335704,335720,52,-
335732,335762,70,-
337278,337298,49,+
338089,338120,62,-
338282,338301,49,-
338348,338373,47,-
339001,339030,66,-
339354,339374,51,+
340145,340176,50,+
340834,340853,56,-
341187,341224,55,-
342399,342425,56,+
343324,343352,54,+
343829,343854,57,-
346973,346989,52,-
349124,349145,48,-
349197,349228,50,+
349751,349780,52,-
352220,352262,50,+
354564,354606,48,-
354961,354981,47,+
358021,358050,98,-
358714,358739,57,+
361496,361523,55,-
365428,365451,48,-
366287,366310,60,-
370102,370122,51,-
371726,371756,49,-
382417,382437,48,-
383489,383516,55,-
386498,386524,57,+
387631,387661,51,+
394284,394302,51,+
402903,402932,63,+
403086,403115,66,+
406109,406129,47,+
407448,407481,48,+
411628,411660,79,-
412207,412228,49,-
413821,413854,65,-
417043,417065,49,+
418109,418145,58,-
418217,418241,48,+
418369,418393,48,-
418442,418463,48,-
420661,420690,98,+
421473,421511,57,+
422648,422692,67,+
422709,422730,63,-
422778,422796,67,-
425205,425237,49,+
425951,425990,61,-
427951,427970,47,-
428288,428318,79,+
428357,428399,50,+
428468,428489,48,-
430751,430785,58,+
431867,431887,49,+
432383,432406,60,+
432545,432570,47,-
432674,432707,58,+
434200,434220,47,+
434264,434284,51,-
434298,434316,67,-
434604,434626,51,+
435150,435174,48,-
435421,435452,60,-
436101,436132,50,-
438426,438446,48,+
438501,438518,69,-
439119,439135,70,+
439240,439257,50,+
443060,443083,49,-
443836,443858,61,-
444647,444685,59,-
446974,447004,64,-
451222,451249,66,-
454917,454953,59,+
456215,456238,60,-
459284,459303,49,+
459767,459789,51,-
465226,465250,48,-
465719,465743,58,+
466456,466481,69,-
466858,466882,91,-
466984,467011,66,-
468104,468128,70,+
468176,468195,112,-
468223,468249,56,-
468590,468612,61,-
471253,471286,62,+
471460,471480,110,+
471525,471545,110,-
471646,471676,109,-
472192,472217,47,+
472350,472383,62,-
472616,472640,48,-
473013,473044,63,+
473094,473138,67,-
477289,477314,47,-
478448,478474,60,+
481281,481316,47,-
481467,481483,52,+
482940,482972,52,-
483166,483200,68,+
484087,484113,85,-
484255,484290,65,-
484862,484899,55,+
485160,485177,50,-
485841,485877,62,-
487022,487063,69,-
488051,488076,63,+
488971,489006,61,-
490185,490219,65,-
491414,491437,48,+
492082,492110,70,-
492654,492677,60,-
497177,497203,56,+
500372,500406,55,-
504025,504057,48,-
508062,508091,52,+
508424,508456,47,-
512006,512042,55,+
512358,512390,49,-
512516,512545,54,+
512578,512595,50,-
512657,512686,63,-
513284,513301,50,+
513431,513447,52,-
513604,513636,49,-
513658,513692,62,-
514161,514191,66,-
514810,514842,50,+
515813,515834,48,-
516001,516030,63,-
519922,519951,57,-
520775,520799,48,-
522858,522883,67,-
522913,522941,86,-
522997,523024,63,-
523374,523401,55,-
525836,525858,61,-
526697,526716,51,+
527362,527383,48,-
527964,527990,56,-
528799,528823,48,-
529130,529150,73,+
531651,531674,61,-
531893,531913,48,-
532369,532415,49,-
534599,534624,67,-
534772,534808,59,-
535813,535838,47,-
537089,537118,98,+
537135,537166,70,-
537491,537514,49,+
538593,538642,61,-
538737,538768,50,-
539724,539745,63,+
540856,540887,50,+
540927,540959,56,+
541265,541284,66,+
541301,541324,64,+
542030,542048,50,-
542077,542101,71,+
543636,543656,47,-
543722,543742,64,-
544053,544078,88,-
545637,545663,69,-
547644,547662,51,-
547970,548006,47,-
548990,549020,52,-
550762,550781,47,+
550909,550935,56,+
554660,554696,48,+
555662,555680,49,+
556745,556789,53,-
557605,557621,52,-
558797,558825,54,+
559269,559292,60,-
559991,560011,49,+
560134,560155,49,-
560170,560194,48,+
560502,560520,50,+
562092,562126,60,-
564979,565001,61,+
566787,566809,61,+
566933,566962,63,+
568556,568597,86,-
568600,568621,48,+
568786,568814,71,-
569613,569646,48,+
570352,570378,56,-
570734,570762,52,-
571092,571125,62,+
571180,571222,53,-
573074,573098,59,-
574629,574660,65,+
577016,577045,98,+
577307,577345,58,+
578903,578932,52,+
579632,579655,60,+
580171,580200,98,-
581635,581668,61,-
582236,582262,56,-
582512,582543,112,-
584531,584551,47,-
585199,585224,67,-
587265,587291,56,+
587502,587530,54,+
587808,587831,63,+
589130,589151,92,-
590838,590868,52,-
591065,591100,54,-
596700,596720,47,-
597042,597062,64,-
597310,597353,49,-
597574,597614,54,-
597672,597689,50,-
598185,598205,64,+
598645,598681,55,-
599454,599481,85,-
601344,601364,49,-
601735,601778,50,-
602119,602160,95,-
602335,602366,62,-
602792,602818,56,-
603021,603046,57,-
603251,603283,92,+
603731,603761,60,-
604671,604689,49,+
604889,604921,58,+
605659,605679,51,-
606278,606314,76,+
608088,608107,49,+
611490,611514,59,+
611553,611580,66,+
612659,612682,50,-
613364,613394,51,+
614328,614355,72,-
614982,615007,67,-
617930,617974,52,+
617983,618003,51,-
618216,618244,54,-
620181,620217,58,-
620858,620878,64,-
620982,621017,61,-
622774,622803,98,+
623984,624007,60,-
624299,624323,48,+
624377,624395,50,+
624427,624456,98,-
626131,626158,55,-
627028,627053,57,-
627257,627295,55,-
629593,629626,91,-
629759,629778,51,-
630809,630834,47,+
632684,632704,64,-
632814,632845,63,-
634134,634166,65,-
634249,634292,49,+
635873,635893,49,+
636082,636115,48,-
636957,636978,63,+
637785,637803,49,-
637839,637862,60,-
638292,638315,69,-
638564,638587,49,-
638975,638998,60,+
639465,639505,53,-
641103,641131,53,-
641181,641212,48,+
642185,642205,73,-
644090,644107,50,-
644302,644334,62,-
644416,644454,74,-
646583,646600,52,+
650383,650412,52,-
651081,651115,58,+
651225,651245,47,-
651531,651565,50,-
652664,652686,61,-
652992,653009,50,+
653151,653182,59,-
653293,653320,55,-
657324,657347,60,-
661988,662029,49,-
662829,662859,65,-
665748,665781,48,-
666385,666407,61,-
667602,667633,112,-
668980,669003,60,-
670838,670867,98,+
672174,672216,54,+
672455,672476,63,-
673322,673351,98,+
674221,674242,49,+
676333,676360,55,+
677174,677199,57,-
678471,678499,54,+
679399,679429,57,+
680162,680188,73,-
680341,680379,58,-
682173,682204,68,-
682341,682365,48,-
686937,686957,64,-
687746,687779,48,+
689094,689111,52,-
689857,689889,80,-
689986,690027,70,-
690696,690726,54,-
690901,690919,67,-
691581,691622,54,-
692243,692274,140,+
692285,692307,125,+
693439,693475,54,-
694484,694509,57,-
694698,694730,62,-
695931,695957,56,-
696163,696193,51,-
696206,696239,51,+
698254,698288,74,-
698546,698578,59,-
698780,698823,48,-
702794,702830,74,-
703151,703181,51,-
704191,704227,55,+
704421,704441,47,+
705567,705588,48,-
708174,708205,112,+
712340,712358,49,-
712704,712728,48,-
713396,713425,98,-
713550,713583,59,-
716820,716844,59,-
719209,719227,49,+
720223,720245,51,-
721246,721266,49,-
722733,722751,50,-
722964,723001,75,+
723100,723129,98,+
723382,723404,48,-
726815,726842,83,-
727014,727043,97,-
727121,727140,47,-
728801,728824,60,-
731406,731430,48,-
732902,732927,66,-
733497,733521,58,+
736288,736309,52,+
740155,740188,52,+
740264,740280,52,+
743068,743100,63,+
743118,743145,55,+
743795,743824,63,+
744217,744234,52,+
745422,745463,94,-
745523,745548,57,+
752538,752572,60,-
755113,755142,98,+
755233,755267,58,-
755490,755514,48,+
757164,757204,55,+
757212,757250,58,-
757660,757680,48,-
758777,758820,52,-
759656,759680,59,+
759925,759957,50,-
760801,760841,59,-
761593,761613,47,+
763546,763566,47,-
765695,765718,49,-
765848,765874,56,-
766715,766745,51,+
766933,766953,47,-
769547,769566,51,+
770134,770161,55,+
770210,770233,60,-
772827,772856,52,+
775208,775241,63,+
775434,775459,57,-
776564,776591,64,+
778437,778455,49,-
778939,778972,92,+
779114,779140,56,+
780092,780107,72,+
780156,780179,70,-
781015,781033,49,+
782750,782773,61,-
783252,783291,59,-
786323,786350,72,-
787283,787312,60,-
787516,787541,57,+
788683,788719,75,+
788840,788880,55,-
790331,790350,47,-
791055,791089,65,-
791137,791164,55,-
791230,791262,49,-
791836,791876,53,-
793224,793265,54,-
793740,793760,49,-
793897,793921,48,+
795379,795400,72,+
795679,795708,98,-
796158,796187,52,-
796758,796783,47,+
797040,797065,57,+
803001,803024,49,-
803377,803415,74,-
805121,805158,55,-
805783,805800,50,-
808400,808423,60,-
808837,808863,56,-
808887,808905,50,-
813025,813054,69,-
813096,813123,55,-
813333,813359,56,-
814036,814061,67,-
815575,815614,53,-
816769,816790,48,-
816848,816878,82,-
817639,817671,65,-
820236,820260,48,-
820724,820757,51,+
820787,820818,112,+
820896,820933,47,+
821731,821754,48,-
822303,822319,52,+
822510,822534,48,-
822935,822968,68,-
824951,824982,48,-
825426,825466,55,+
826067,826093,56,+
826501,826530,87,+
826639,826680,51,-
829554,829577,48,+
833319,833341,48,-
833394,833436,53,+
833984,834021,62,-
834153,834182,52,-
838704,838725,48,+
839155,839174,47,-
839426,839460,60,-
840414,840443,54,-
840998,841021,72,+
847859,847886,55,+
848022,848047,66,-
848462,848500,71,-
849148,849184,53,-
851353,851386,59,+
852289,852320,63,+
852379,852424,52,-
853865,853883,50,-
860400,860427,88,-
861429,861458,98,+
862352,862388,59,+
863532,863553,63,-
863622,863645,60,+
863762,863791,98,-
864252,864281,60,+
866234,866258,59,-
866847,866874,68,+
868380,868411,112,+
870402,870428,91,-
870470,870487,52,+
871586,871615,68,-
871786,871809,48,+
874212,874244,67,-
876270,876290,64,+
876676,876713,88,-
877892,877916,48,-
878561,878601,54,+
882480,882514,62,-
882561,882583,61,-
883141,883170,98,+
883197,883228,51,-
884020,884047,71,-
884226,884246,64,-
885962,885989,55,+
886050,886075,47,-
886297,886317,49,-
886636,886665,98,-
887881,887901,47,-
888342,888360,49,+
888540,888556,52,-
889710,889737,64,-
889820,889857,62,-
890108,890137,98,+
891502,891535,60,+
891747,891789,53,-
894288,894315,60,+
895630,895661,83,-
896806,896839,70,+
900534,900568,62,+
903359,903378,47,-
903787,903819,78,+
904609,904638,65,+
904805,904837,68,-
904919,904935,52,+
908797,908831,95,-
909757,909791,61,-
910111,910147,58,+
910179,910198,112,-
911526,911550,48,-
913126,913152,56,-
915549,915578,98,+
915614,915643,52,-
916008,916041,62,+
920187,920205,67,-
921187,921213,56,-
922289,922321,49,+
922932,922958,56,-
923060,923096,62,+
923584,923615,50,-
923695,923720,47,-
924572,924592,64,-
927917,927961,54,+
929848,929877,86,+
930559,930575,70,-
934851,934881,49,-
935456,935494,54,-
935737,935768,50,+
935833,935864,50,+
936181,936212,50,+
936277,936308,50,+
936469,936500,50,+
936589,936620,50,+
944271,944294,60,-
945300,945319,49,-
951966,952002,58,+
959193,959223,51,-
960069,960087,67,-
961729,961767,56,-
962281,962317,59,+
965604,965634,51,-
965977,965995,49,+
967469,967502,48,-
969472,969492,48,+
971042,971084,55,+
971228,971268,54,-
974003,974026,60,-
974131,974151,64,+
974257,974279,48,+
976304,976323,49,-
976518,976553,50,-
979627,979662,60,+
981025,981042,52,-
982985,983006,51,-
984552,984584,92,+
995735,995769,60,-
998351,998370,47,-
998944,998966,48,-
1005870,1005892,48,+
1009495,1009514,47,+
1011243,1011265,48,+
1012030,1012051,48,-
1012180,1012204,59,-
1012259,1012277,51,-
1012307,1012331,59,+
1012433,1012454,62,-
1017064,1017083,47,+
1018711,1018745,50,-
1018819,1018846,55,+
1018976,1019009,59,-
1019143,1019179,55,-
1019703,1019727,48,-
1020492,1020513,63,+
1022944,1022963,49,+
1023095,1023133,55,+
1023740,1023761,49,+
1025338,1025364,88,-
1027910,1027926,53,-
1029132,1029165,55,-
1029370,1029389,49,-
1031508,1031528,64,-
1032824,1032849,57,+
1032913,1032943,51,-
1035523,1035558,59,+
1036755,1036794,57,+
1037322,1037350,54,+
1037435,1037459,60,-
1037811,1037835,59,-
1037866,1037884,51,+
1040756,1040789,48,-
1041431,1041458,55,-
1041591,1041610,66,-
1043475,1043505,51,+
1044163,1044183,48,-
1045079,1045094,72,-
1045618,1045638,47,+
1047881,1047914,48,-
1049482,1049505,60,-
1054956,1054983,69,-
1055071,1055105,60,-
1055159,1055193,62,-
1056078,1056109,60,-
1056861,1056884,60,-
1056885,1056912,55,+
1057025,1057045,49,-
1059671,1059707,59,-
1060273,1060318,48,-
1063101,1063117,52,-
1063260,1063286,56,+
1065212,1065246,64,-
1067677,1067694,50,-
1068617,1068646,57,-
1068851,1068883,70,+
1070631,1070655,59,-
1071024,1071066,49,-
1071123,1071145,61,-
1074962,1075004,55,+
1076951,1076975,48,-
1077605,1077634,52,-
1078264,1078302,58,+
1080064,1080097,48,+
1080544,1080579,58,+
1082614,1082637,71,-
1084033,1084063,57,-
1084741,1084777,58,-
1091540,1091563,50,-
1096776,1096797,48,-
1103287,1103313,57,-
1103335,1103363,63,-
1104263,1104292,54,+
1106069,1106092,60,+
1107010,1107030,47,-
1110262,1110298,56,-
1111360,1111391,50,-
1113101,1113131,51,-
1113811,1113850,73,+
1113887,1113907,110,-
1114501,1114524,60,-
1114837,1114854,50,+
1114915,1114943,54,-
1115714,1115735,48,-
1115921,1115943,48,+
1117888,1117905,69,+
1120587,1120606,49,-
1120751,1120776,67,-
1123510,1123534,69,-
1125517,1125543,57,-
1125610,1125651,58,+
1125678,1125707,98,+
1128370,1128407,73,-
1128565,1128599,62,-
1128731,1128766,76,-
1129008,1129034,56,-
1133169,1133198,68,-
1133317,1133334,69,-
1133400,1133432,59,+
1133526,1133552,56,-
1134711,1134743,49,-
1135261,1135280,47,-
1135311,1135333,48,-
1135788,1135820,59,-
1136851,1136878,55,-
1138446,1138467,48,-
1140199,1140225,56,+
1140543,1140566,59,+
1140814,1140833,47,+
1144278,1144313,75,-
1144401,1144424,60,+
1145207,1145233,56,+
1145858,1145898,49,-
1146014,1146053,51,-
1146082,1146110,53,-
1147311,1147341,51,+
1147887,1147919,49,-
1149631,1149660,54,+
1149729,1149765,76,-
1150119,1150139,51,-
1150181,1150214,74,+
1150394,1150423,98,+
1150543,1150589,52,+
1151061,1151081,64,-
1151188,1151207,66,+
1151258,1151282,48,-
1151435,1151463,81,-
1151516,1151544,71,-
1153045,1153069,48,+
1153391,1153421,51,+
1153594,1153637,53,+
1153767,1153787,51,+
1155421,1155457,56,-
1156875,1156904,61,-
1161281,1161305,48,-
1161969,1161999,68,+
1162725,1162744,66,+
1162910,1162943,60,-
1163037,1163070,58,-
1164591,1164625,79,+
1165541,1165563,61,-
1165776,1165813,55,-
1165927,1165945,49,-
1166758,1166799,54,-
1167164,1167197,61,-
1167207,1167230,50,-
1168266,1168285,47,+
1170700,1170726,56,-
1170878,1170917,50,-
1172893,1172919,56,-
1173722,1173747,47,+
1176026,1176047,48,-
1176265,1176292,65,-
1176754,1176787,62,-
1177508,1177556,49,-
1178526,1178559,80,-
1179722,1179764,53,-
1180714,1180747,65,-
1181837,1181866,97,+
1186258,1186296,57,+
1187395,1187425,51,+
1189863,1189882,49,+
1192669,1192691,51,+
1193941,1193964,60,+
1193979,1194000,63,+
1194301,1194343,53,+
1195132,1195160,54,-
1195939,1195966,63,-
1197789,1197815,86,-
1199370,1199396,56,+
1200101,1200130,98,+
1200138,1200166,54,-
1205097,1205139,54,+
1205264,1205283,66,+
1207917,1207955,54,+
1209187,1209220,50,-
1213685,1213733,74,-
1213753,1213782,98,+
1214717,1214742,69,+
1217771,1217803,68,+
1219184,1219211,55,-
1219948,1219973,47,+
1221788,1221804,52,+
1224755,1224779,76,+
1225664,1225697,56,+
1226198,1226242,54,+
1226442,1226465,60,+
1229033,1229077,53,-
1229127,1229164,59,+
1229281,1229300,49,+
1230357,1230385,71,+
1231172,1231217,53,+
1233030,1233059,52,+
1236149,1236167,51,-
1238585,1238617,76,+
1239859,1239877,50,-
1240245,1240274,52,+
1240423,1240449,57,+
1240763,1240800,56,+
1240911,1240960,48,+
1242455,1242475,47,-
1242601,1242623,48,-
1243701,1243725,59,+
1243796,1243833,53,-
1244457,1244482,61,-
1249720,1249756,61,-
1251073,1251117,47,-
1252541,1252565,59,-
1253240,1253272,49,+
1253313,1253333,48,+
1253600,1253633,48,-
1253749,1253773,71,+
1254431,1254459,65,+
1254469,1254493,58,-
1256829,1256851,48,-
1257879,1257895,52,-
1258093,1258124,62,-
1262294,1262319,68,-
1262801,1262827,56,+
1264081,1264102,52,+
1264604,1264634,51,+
1264700,1264731,62,+
1265388,1265408,49,-
1268600,1268624,59,-
1270271,1270290,47,-
1271800,1271834,62,-
1274873,1274893,47,-
1278087,1278122,58,-
1279417,1279457,73,+
1279717,1279742,69,-
1281415,1281448,92,+
1283416,1283455,54,+
1283870,1283887,50,+
1283943,1283966,69,+
1284619,1284640,51,-
1288845,1288872,55,-
1290544,1290567,48,-
1297785,1297817,60,-
1297938,1297957,66,-
1299029,1299057,70,-
1304369,1304395,66,-
1306454,1306476,48,-
1307677,1307701,59,-
1309833,1309872,61,-
1309956,1309992,73,-
1310598,1310620,51,-
1310921,1310956,60,+
1312029,1312050,49,+
1312826,1312847,48,-
1313645,1313667,51,+
1314214,1314235,49,+
1316255,1316287,59,-
1317378,1317399,51,+
1320504,1320538,61,-
1320571,1320596,57,+
1322970,1323002,49,+
1323114,1323137,72,+
1323865,1323905,53,+
1324455,1324494,61,+
1327188,1327210,48,-
1329819,1329840,63,+
1330796,1330818,61,-
1334929,1334953,59,+
1335832,1335849,52,+
1336319,1336343,71,-
1336436,1336470,61,+
1341031,1341071,53,-
1341115,1341158,54,-
1341187,1341207,47,+
1341363,1341381,49,-
1341796,1341820,59,+
1345795,1345829,61,+
1347952,1347986,62,+
1348286,1348312,56,+
1350329,1350359,68,+
1351832,1351856,59,+
1352230,1352263,59,+
1353044,1353064,48,+
1359299,1359326,55,+
1360376,1360406,68,-
1367063,1367087,48,-
1371511,1371531,64,+
1379703,1379736,102,+
1381848,1381871,60,-
1382253,1382275,48,+
1383470,1383489,49,+
1386167,1386207,50,+
1388722,1388743,49,-
1389031,1389060,98,+
1389076,1389106,52,-
1389974,1389997,49,+
1391838,1391875,56,+
1392516,1392550,59,-
1393364,1393384,47,+
1393779,1393796,69,+
1394654,1394682,63,-
1394723,1394742,47,-
1395320,1395342,73,+
1395368,1395411,47,+
1399420,1399444,48,+
1399854,1399885,55,+
1400489,1400529,69,+
1410169,1410198,52,-
1411281,1411324,52,+
1411716,1411740,48,-
1412388,1412405,69,-
1413062,1413084,61,+
1414589,1414615,56,+
1414686,1414720,58,+
1414796,1414814,49,+
1415211,1415243,65,+
1415605,1415635,80,-
1416653,1416689,59,+
1418565,1418607,49,-
1418650,1418689,57,+
1421453,1421495,53,+
1421894,1421922,57,+
1424317,1424348,60,-
1426924,1426956,51,-
1428302,1428321,66,+
1429417,1429453,48,-
1430167,1430208,54,+
1431572,1431602,68,+
1431896,1431921,47,+
1436529,1436570,50,-
1442372,1442394,48,-
1443460,1443489,58,-
1444383,1444422,73,+
1445402,1445438,59,+
1446116,1446142,56,+
1447104,1447146,53,-
1447248,1447276,63,+
1448032,1448061,98,+
1450928,1450967,51,+
1452960,1452980,48,+
1456286,1456315,52,+
1459863,1459884,49,-
1462267,1462295,63,+
1462689,1462710,48,-
1465586,1465603,52,+
1465850,1465888,56,+
1465984,1466019,48,+
1466747,1466772,47,+
1467072,1467090,49,+
1467217,1467239,97,+
1467411,1467436,69,-
1467603,1467640,58,+
1468202,1468242,57,+
1468879,1468921,55,+
1471017,1471038,64,+
1471881,1471914,68,+
1473064,1473102,54,+
1476937,1476958,63,-
1478356,1478377,48,-
1479933,1479960,55,-
1480728,1480751,60,+
1482798,1482817,47,+
1483813,1483847,47,+
1485186,1485213,55,-
1489001,1489025,48,-
1490748,1490773,66,+
1490835,1490859,72,-
1492419,1492444,57,+
1494165,1494186,62,+
1495089,1495106,50,+
1495144,1495178,59,-
1496516,1496536,48,-
1496753,1496786,48,+
1497356,1497377,48,+
1497475,1497498,50,+
1499525,1499560,105,+
1499941,1499986,48,+
1500511,1500541,62,+
1503355,1503384,98,-
1505131,1505170,55,+
1505813,1505857,91,+
1505966,1505993,61,+
1506872,1506891,47,+
1507044,1507068,48,-
1507810,1507833,49,+
1508255,1508288,80,+
1510789,1510819,51,+
1517758,1517777,66,+
1518487,1518516,52,+
1521250,1521285,48,+
1521536,1521557,48,+
1522050,1522077,55,+
1522164,1522184,65,-
1522584,1522626,50,-
1522947,1522966,49,+
1526651,1526692,55,+
1527894,1527916,61,+
1530847,1530879,76,+
1534401,1534421,64,+
1534493,1534523,65,+
1535599,1535618,47,+
1538279,1538300,64,+
1538334,1538370,48,-
1538902,1538925,49,+
1540450,1540472,61,+
1541261,1541288,63,-
1543913,1543934,48,+
1547019,1547042,60,-
1548704,1548734,62,-
1549050,1549070,64,-
1549317,1549338,63,+
1549685,1549708,60,-
1552673,1552707,56,-
1552910,1552950,53,-
1553008,1553047,54,+
1554212,1554254,51,+
1555679,1555715,47,+
1556147,1556180,91,+
1556744,1556761,69,+
1557532,1557572,51,+
1557597,1557628,112,-
1560567,1560591,48,+
1561495,1561528,58,-
1561928,1561947,112,+
1561979,1562014,74,-
1562883,1562899,70,+
1563011,1563039,53,+
1564486,1564514,54,-
1564549,1564569,47,-
1565402,1565440,57,+
1567819,1567836,50,+
1568458,1568486,58,+
1568503,1568525,61,-
1569725,1569749,48,+
1570088,1570114,66,+
1571745,1571784,53,+
1572676,1572705,98,-
1574377,1574405,52,+
1574629,1574661,48,+
1574666,1574695,98,-
1577016,1577040,48,+
1577277,1577306,98,-
1577457,1577497,57,+
1577815,1577837,61,+
1578286,1578305,49,-
1579098,1579127,85,+
1579272,1579292,47,+
1579487,1579504,69,+
1580825,1580852,55,+
1583211,1583232,51,+
1583247,1583270,60,+
1585528,1585546,51,+
1587061,1587087,56,-
1587442,1587470,55,-
1587572,1587601,65,+
1590681,1590712,55,-
1591824,1591857,48,-
1591945,1591968,60,-
1592103,1592120,52,+
1593068,1593104,61,+
1593143,1593170,65,-
1594467,1594503,61,+
1594552,1594576,59,-
1596104,1596123,47,+
1596381,1596402,48,+
1596673,1596720,49,+
1597927,1597964,47,+
1598000,1598029,98,+
1598073,1598104,51,-
1598188,1598218,52,-
1602385,1602409,59,-
1603144,1603180,91,+
1603984,1604002,50,+
1604294,1604316,72,+
1605026,1605055,98,+
1606117,1606149,60,+
1606169,1606195,56,+
1607331,1607379,48,-
1607969,1607987,49,+
1611022,1611041,47,+
1611887,1611916,98,-
1613362,1613388,69,-
1616518,1616549,51,-
1616958,1616995,132,-
1617018,1617040,97,-
1617584,1617618,78,+
1622790,1622822,49,-
1623052,1623082,66,-
1623151,1623169,52,+
1623313,1623332,66,+
1624509,1624545,74,-
1625964,1625988,69,-
1626043,1626076,80,+
1626078,1626096,49,+
1626499,1626530,65,-
1627152,1627191,71,+
1627211,1627238,60,+
1631183,1631206,60,+
1631470,1631499,79,+
1632415,1632458,50,+
1636594,1636611,50,-
1639008,1639029,62,-
1641033,1641074,68,+
1642319,1642337,51,+
1642393,1642417,59,+
1642612,1642636,48,+
1642771,1642796,57,-
1644689,1644725,62,+
1644998,1645039,54,+
1646243,1646270,61,-
1646398,1646416,49,-
1648316,1648348,49,+
1648956,1648975,47,-
1649359,1649395,58,+
1653759,1653782,50,-
1655148,1655167,47,+
1660184,1660215,50,+
1660532,1660549,50,+
1661029,1661059,64,+
1661874,1661894,64,+
1662507,1662530,70,-
1663527,1663556,52,+
1666614,1666638,59,-
1667597,1667612,72,+
1667642,1667677,74,-
1668680,1668727,48,-
1669831,1669863,49,+
1670281,1670313,48,+
1671032,1671050,50,-
1672374,1672404,85,+
1672628,1672652,69,-
1673837,1673867,79,+
1673886,1673918,49,-
1676036,1676069,50,-
1677216,1677235,47,-
1677848,1677873,47,-
1678523,1678555,49,-
1679330,1679375,47,+
1679751,1679778,55,+
1681334,1681373,52,+
1682743,1682765,48,+
1683012,1683036,71,+
1683188,1683210,48,+
1684917,1684941,58,-
1688011,1688059,49,+
1690106,1690138,63,+
1690776,1690794,49,-
1691142,1691183,53,+
1691665,1691696,54,+
1691874,1691894,48,+
1694474,1694499,57,+
1700887,1700917,51,+
1701359,1701382,60,+
1701718,1701737,47,-
1705904,1705936,49,+
1708403,1708433,51,+
1710533,1710552,49,+
1712941,1712971,51,+
1713396,1713412,70,+
1713816,1713838,48,-
1714050,1714083,52,-
1714280,1714312,59,-
1714940,1714976,61,+
1715514,1715537,48,-
1717134,1717168,50,+
1717392,1717424,64,+
1717587,1717623,61,+
1718512,1718541,51,-
1723291,1723323,62,-
1723488,1723520,49,-
1724730,1724760,68,-
1728938,1728960,48,-
1729149,1729184,47,+
1729504,1729535,50,-
1730643,1730662,66,-
1732274,1732304,64,+
1733782,1733806,59,+
1733922,1733952,65,+
1734495,1734520,57,+
1734975,1735013,57,+
1739494,1739534,53,+
1739739,1739764,47,+
1742102,1742122,48,+
1742248,1742283,73,+
1742573,1742596,49,+
1747972,1748007,61,+
1749020,1749054,47,+
1749637,1749669,62,+
1756290,1756319,52,-
1761368,1761399,67,-
1763004,1763029,47,+
1764323,1764353,57,+
1767446,1767464,52,+
1769121,1769146,57,+
1769686,1769706,64,-
1769771,1769806,54,+
1769972,1770008,76,+
1774483,1774513,55,-
1776131,1776160,55,-
1777525,1777555,51,+
1778298,1778314,52,+
1778619,1778654,55,+
1779293,1779313,51,+
1780294,1780310,52,+
1781542,1781565,69,+
1781606,1781638,64,+
1781712,1781739,55,+
1785529,1785558,51,+
1785682,1785701,49,+
1786212,1786250,57,-
1788904,1788922,50,-
1789118,1789139,48,+
1789925,1789970,47,+
1791267,1791309,50,+
1792598,1792617,49,+
1792649,1792680,62,+
1792887,1792907,52,+
1794986,1795025,99,+
1796398,1796432,62,+
1796611,1796654,53,-
1797616,1797650,62,+
1798311,1798342,64,+
1799371,1799398,86,+
1799532,1799561,80,+
1800586,1800626,54,+
1800835,1800862,55,+
1802834,1802871,56,-
1810375,1810415,53,-
1810650,1810675,57,-
1812978,1813026,49,+
1813215,1813237,51,+
1814856,1814875,66,+
1815378,1815408,51,+
1816122,1816142,49,+
1816513,1816534,63,+
1816984,1817003,47,+
1817199,1817223,59,+
1817230,1817257,89,+
1817969,1817988,47,+
1818355,1818390,62,+
1820204,1820237,61,+
1820697,1820732,58,+
1821025,1821047,48,-
1821187,1821218,51,+
1821262,1821291,98,-
1821638,1821655,69,-
1821896,1821924,52,+
1824108,1824141,81,-
1824265,1824288,60,-
1824509,1824526,50,+
1825714,1825739,58,+
1826215,1826237,61,+
1826438,1826469,63,-
1826529,1826565,88,-
1828155,1828177,61,-
1828282,1828306,59,+
1830250,1830285,56,-
1833232,1833270,55,+
1834164,1834188,48,-
1834598,1834630,62,-
1835651,1835669,51,+
1836828,1836848,47,-
1838211,1838230,47,+
1841169,1841198,52,+
1841628,1841661,76,-
1843242,1843280,61,-
1843386,1843406,47,+
1843466,1843496,79,-
1843514,1843543,66,-
1843580,1843613,74,-
1844025,1844054,98,+
1844097,1844126,71,-
1844775,1844795,64,+
1847107,1847134,68,+
1847459,1847487,66,+
1850314,1850335,63,-
1850353,1850373,49,+
1851397,1851436,57,+
1855910,1855937,55,-
1856070,1856097,55,-
1859253,1859279,56,+
1860705,1860725,47,+
1861940,1861975,47,+
1862039,1862072,51,+
1866154,1866190,61,-
1867850,1867872,61,-
1868077,1868115,59,-
1868261,1868296,50,-
1869711,1869743,93,-
1870492,1870514,48,+
1870691,1870710,49,-
1872166,1872182,52,+
1874249,1874276,55,-
1874817,1874848,68,-
1874916,1874943,68,-
1877361,1877397,48,+
1878174,1878198,59,-
1878316,1878336,64,+
1878342,1878381,51,-
1878620,1878649,52,+
1879672,1879707,65,+
1880256,1880289,74,-
1880806,1880829,60,+
1880968,1880987,66,+
1881513,1881542,98,+
1881953,1881988,62,+
1883062,1883093,63,+
1883606,1883635,52,-
1884629,1884647,50,-
1885592,1885621,98,+
1888005,1888034,98,+
1888960,1888989,51,-
1889830,1889871,55,+
1891570,1891597,55,-
1893919,1893946,55,+
1895457,1895492,91,+
1895742,1895772,63,+
1895807,1895835,81,+
1896377,1896415,96,+
1897935,1897967,59,+
1898469,1898499,49,+
1898534,1898567,59,-
1899283,1899310,55,+
1899446,1899470,70,+
1899523,1899543,110,-
1901608,1901636,54,-
1902308,1902337,52,+
1902802,1902824,49,+
1903770,1903805,58,+
1903947,1903977,60,-
1906021,1906053,49,-
1906273,1906302,98,-
1907023,1907043,47,-
1907093,1907119,56,-
1908239,1908256,50,+
1908317,1908341,70,-
1908425,1908450,60,-
1908608,1908636,63,+
1909182,1909226,52,+
1909340,1909362,51,-
1909376,1909407,63,+
1909426,1909447,63,+
1909464,1909508,67,-
1910644,1910663,112,+
1910712,1910734,90,-
1911019,1911057,56,+
1911186,1911226,55,+
1911216,1911240,48,-
1911785,1911809,59,+
1912465,1912491,89,+
1913313,1913332,47,-
1914444,1914466,48,-
1914608,1914639,51,-
1915458,1915489,50,+
1915766,1915810,49,+
1915999,1916017,50,+
1918379,1918416,61,-
1920803,1920827,70,+
1920874,1920893,112,-
1921263,1921284,49,-
1922218,1922258,55,+
1922414,1922443,54,+
1922489,1922518,98,-
1923322,1923342,47,-
1923474,1923510,55,+
1923926,1923958,50,-
1925539,1925558,47,+
1926747,1926767,49,-
1929078,1929107,98,+
1930051,1930080,63,+
1930943,1930984,48,+
1931012,1931052,52,+
1934164,1934187,60,+
1934605,1934640,47,+
1935333,1935362,82,+
1935828,1935847,49,+
1936266,1936285,47,+
1937424,1937458,55,-
1937665,1937711,50,+
1941162,1941196,75,+
1942117,1942136,66,+
1942864,1942894,60,+
1943219,1943237,67,+
1943430,1943449,66,+
1943634,1943660,68,-
1944111,1944141,51,-
1944344,1944367,49,-
1945105,1945143,54,+
1945199,1945238,54,+
1945949,1945969,47,-
1946649,1946680,64,+
1947066,1947093,55,-
1948220,1948243,72,+
1952163,1952188,57,+
1952334,1952354,48,+
1952520,1952552,60,+
1952873,1952899,56,-
1957648,1957663,53,+
1960375,1960412,58,+
1963014,1963058,65,+
1963204,1963233,98,-
1963353,1963390,56,-
1963690,1963733,69,+
1967567,1967586,112,+
1967632,1967656,70,-
1967735,1967758,48,-
1968787,1968831,49,-
1970523,1970544,48,+
1970949,1970971,61,-
1970974,1970996,61,-
1971211,1971244,56,-
1971439,1971458,47,-
1972924,1972953,68,+
1972964,1972995,50,+
1973050,1973070,48,+
1973215,1973256,58,+
1973714,1973733,47,-
1973847,1973878,55,-
1974695,1974727,60,-
1975220,1975253,64,-
1975358,1975377,112,+
1975421,1975454,94,-
1975461,1975503,49,+
1976496,1976520,58,+
1976654,1976680,56,+
1977231,1977247,52,+
1977265,1977295,63,-
1977423,1977456,75,+
1978014,1978036,48,-
1980230,1980260,71,-
1980397,1980415,49,+
1980766,1980790,59,-
1980995,1981015,47,+
1981370,1981393,60,+
1982351,1982385,61,-
1982884,1982903,66,+
1983241,1983280,54,+
1983343,1983379,58,+
1984630,1984664,64,+
1985126,1985160,47,+
1987646,1987669,87,-
1987711,1987746,64,+
1989477,1989495,50,+
1989746,1989765,49,+
1989835,1989866,66,-
1990242,1990267,57,+
1990286,1990306,47,+
1990884,1990918,56,+
1991461,1991484,60,-
1991497,1991525,54,-
1991561,1991591,51,+
1991977,1991997,64,-
1992974,1993003,65,+
1993118,1993154,58,+
1994142,1994163,48,-
1996041,1996061,48,-
1996166,1996185,49,+
1996871,1996903,51,+
1996945,1996974,54,-
1997129,1997167,57,+
1997656,1997700,52,+
1998207,1998231,59,+
1998241,1998265,58,-
1998312,1998330,49,+
2000272,2000311,51,-
2000988,2001011,48,-
2002511,2002533,61,-
2002645,2002663,49,+
2003233,2003259,56,+
2003489,2003510,49,+
2004233,2004269,75,+
2005293,2005310,52,+
2005798,2005825,68,+
2005855,2005883,83,+
2007964,2007987,50,+
2008340,2008369,52,-
2011059,2011081,61,-
2011276,2011302,56,+
2011443,2011466,59,+
2012286,2012318,49,+
2014617,2014659,54,+
2015719,2015747,54,-
2016616,2016639,50,+
2016678,2016696,51,+
2017663,2017693,65,+
2018241,2018263,125,+
2018299,2018320,73,-
2018744,2018787,52,+
2018818,2018847,58,+
2019826,2019860,58,-
2021980,2022010,79,+
2023517,2023543,91,+
2023596,2023623,83,+
2023725,2023754,98,+
2025138,2025180,69,-
2025273,2025290,69,+
2025621,2025648,61,+
2025763,2025792,52,+
2026234,2026273,61,+
2026457,2026476,47,+
2026957,2026983,56,+
2027103,2027132,71,-
2027354,2027395,69,+
2029934,2029956,61,+
2030723,2030740,69,+
2031221,2031266,50,+
2031613,2031639,56,+
2031668,2031689,51,+
2031797,2031818,48,+
2031849,2031878,98,-
2032002,2032038,53,+
2033901,2033923,51,+
2034487,2034516,98,+
2034524,2034555,63,-
2035217,2035236,49,-
2035931,2035975,93,-
2036113,2036132,49,+
2037884,2037923,57,+
2037968,2038002,60,+
2038050,2038079,52,-
2038141,2038167,56,+
2038298,2038338,50,+
2039404,2039434,51,+
2040187,2040222,65,-
2041169,2041206,62,+
2041290,2041323,48,+
2041414,2041447,61,+
2041977,2042002,60,+
2042067,2042104,59,+
2042344,2042371,55,+
2042636,2042667,50,+
2042768,2042787,49,+
2042891,2042916,69,+
2043628,2043646,49,+
2044547,2044574,55,+
2044845,2044872,67,+
2046456,2046485,68,+
2047008,2047029,52,-
2049005,2049035,51,-
2049628,2049652,58,+
2050778,2050808,66,+
2051049,2051066,50,+
2057377,2057399,61,-
2058026,2058052,68,+
2060665,2060696,60,-
2064003,2064047,54,+
2064267,2064287,49,-
2064845,2064870,47,+
2065035,2065076,57,+
2067413,2067433,49,-
2067556,2067587,82,+
2071764,2071785,63,-
2072700,2072736,56,-
2074295,2074323,52,-
2074454,2074486,66,+
2075847,2075875,83,+
2076425,2076453,54,-
2076557,2076580,60,+
2076606,2076636,57,-
2077149,2077181,49,-
2078193,2078222,70,-
2079689,2079718,98,+
2079741,2079770,52,-
2080352,2080383,49,-
2080548,2080581,92,+
2080617,2080652,74,-
2081497,2081520,60,-
2082365,2082389,48,-
2083847,2083876,98,-
2085829,2085857,54,+
2086778,2086809,59,+
2088347,2088377,62,+
2088776,2088806,68,+
2089166,2089196,51,-
2090114,2090139,47,+
2090835,2090853,50,-
2092114,2092134,48,+
2094616,2094648,67,+
2097017,2097035,51,+
2097376,2097405,98,+
2097607,2097652,52,+
2104497,2104522,47,-
2105671,2105700,52,-
2106199,2106234,58,+
2106295,2106314,47,-
2108821,2108839,49,+
2109267,2109296,66,+
2110061,2110080,49,-
2110289,2110330,50,-
2111338,2111358,47,+
2112425,2112445,51,-
2112949,2112976,53,-
2113781,2113799,67,-
2121827,2121862,48,+
2124837,2124874,55,+
2127103,2127127,59,+
2127889,2127921,59,+
2132975,2132996,51,+
2134007,2134037,67,+
2135201,2135239,58,-
2141449,2141468,49,+
2142109,2142143,58,+
2142709,2142725,53,+
2142967,2142991,61,+
2143997,2144033,64,+
2148628,2148651,50,-
2149696,2149717,48,+
2150530,2150565,74,+
2150678,2150702,76,+
2150845,2150862,50,+
2151681,2151710,52,-
2152711,2152737,56,+
2155600,2155620,47,+
2162714,2162739,47,+
2162925,2162960,47,-
2163181,2163200,49,+
2164276,2164315,57,-
2164815,2164858,50,+
2164976,2165003,71,+
2166503,2166529,56,+
2172056,2172075,66,+
2172354,2172373,49,+
2172788,2172806,49,+
2173130,2173159,52,+
2175370,2175412,54,+
2175565,2175596,59,-
2178892,2178913,63,+
2179589,2179624,62,+
2181881,2181899,51,+
2183059,2183087,58,+
2183912,2183934,51,-
2184720,2184756,58,+
2186771,2186798,55,+
2187034,2187065,48,-
2188431,2188457,56,-
2188501,2188523,51,+
2188594,2188632,53,+
2189152,2189177,47,+
2190704,2190722,49,-
2192289,2192318,52,-
2194114,2194145,62,+
2194426,2194446,52,+
2194952,2194974,48,+
2196172,2196200,99,+
2196305,2196338,64,+
2196543,2196581,59,+
2197248,2197272,69,-
2197285,2197307,91,+
2197362,2197393,104,-
2197982,2198022,58,+
2199052,2199089,55,-
2200165,2200193,65,+
2202065,2202100,74,+
2204292,2204318,71,+
2204573,2204605,57,+
2204627,2204659,59,+
2209720,2209758,55,+
2210857,2210889,65,-
2211414,2211450,62,-
2211795,2211835,54,-
2212533,2212556,60,+
2212696,2212714,49,+
2213451,2213486,61,+
2214348,2214370,51,+
2214519,2214538,49,+
2216042,2216065,89,+
2216501,2216517,53,-
2217963,2217999,61,+
2218120,2218143,60,+
2218449,2218475,56,+
2218496,2218525,98,-
2220963,2220995,49,+
2224357,2224386,68,-
2227149,2227169,64,-
2228198,2228225,57,-
2228619,2228654,64,+
2228979,2229006,55,+
2229048,2229077,98,+
2229177,2229212,67,-
2231944,2231981,58,-
2232139,2232177,58,-
2233318,2233344,56,-
2233610,2233645,62,+
2238284,2238311,65,+
2242974,2242997,60,+
2246945,2246973,69,-
2248507,2248530,71,+
2249039,2249058,49,+
2250686,2250718,108,+
2252546,2252581,62,-
2252964,2252982,49,-
2253004,2253046,50,-
2254119,2254150,95,+
2254175,2254200,56,-
2254730,2254748,51,+
2256508,2256526,50,+
2256941,2256966,57,+
2258206,2258226,47,+
2258766,2258795,68,-
2259352,2259383,63,-
2259412,2259431,65,-
2261683,2261702,56,+
2262313,2262346,94,+
2262354,2262377,60,+
2262533,2262553,51,-
2264639,2264678,57,+
2265411,2265440,52,-
2268336,2268356,47,-
2269029,2269052,48,-
2269976,2270005,98,+
2270769,2270805,61,+
2270934,2270950,70,+
2271181,2271215,74,+
2271308,2271339,54,-
2271403,2271432,98,-
2272832,2272880,48,-
2273852,2273879,55,+
2274846,2274871,57,-
2280241,2280258,50,+
2281138,2281159,63,-
2282724,2282751,65,-
2283048,2283078,49,+
2283562,2283577,53,+
2287361,2287390,63,+
2295544,2295581,47,-
2295788,2295813,57,-
2297106,2297150,49,+
2299019,2299050,65,+
2300152,2300190,57,-
2301893,2301922,98,+
2303105,2303122,50,+
2304252,2304270,67,+
2309683,2309702,47,-
2310304,2310337,51,+
2313412,2313438,56,+
2313482,2313504,48,+
2315951,2315980,52,+
2316109,2316133,59,+
2316912,2316932,64,+
2316941,2316958,50,+
2319105,2319128,61,+
2319210,2319234,69,+
2319250,2319274,59,-
2320391,2320411,48,-
2321631,2321663,59,+
2322423,2322446,60,+
2322512,2322529,50,-
2323205,2323228,49,-
2323657,2323687,51,-
2324138,2324157,47,-
2325146,2325171,88,+
2325274,2325294,47,-
2326601,2326646,53,+
2327239,2327273,62,+
2327707,2327726,47,+
2328420,2328443,60,+
2328931,2328953,61,+
2331346,2331370,48,+
2332924,2332947,48,-
2334215,2334233,67,+
2334641,2334669,54,+
2335711,2335743,58,+
2335804,2335833,65,+
2338737,2338766,52,+
2339012,2339032,48,-
2340126,2340161,74,+
2340872,2340898,56,+
2341019,2341042,60,+
2341605,2341621,52,+
2342731,2342770,57,+
2345101,2345124,48,+
2345990,2346023,47,+
2348624,2348664,54,+
2351050,2351075,57,-
2356298,2356327,63,-
2357006,2357033,55,+
2357843,2357873,67,+
2358620,2358649,98,-
2358822,2358847,84,-
2358903,2358925,51,+
2359200,2359221,48,-
2359329,2359352,49,+
2359428,2359445,69,-
2359531,2359561,59,+
2359795,2359818,48,+
2360444,2360482,57,+
2360683,2360709,56,+
2362599,2362616,52,-
2362765,2362792,65,+
2363582,2363609,69,+
2364324,2364351,64,+
2366001,2366027,91,+
2366270,2366300,63,+
2368207,2368236,98,-
2369201,2369227,56,+
2370441,2370470,98,+
2370726,2370764,55,-
2371888,2371917,98,+
2372919,2372953,56,+
2373165,2373206,55,+
2373214,2373246,79,+
2373277,2373298,63,+
2373368,2373391,49,+
2373582,2373599,52,+
2373957,2373996,58,-
2374664,2374690,56,-
2374966,2374993,55,-
2375728,2375759,59,+
2376830,2376858,71,+
2376986,2377018,64,-
2379550,2379568,49,-
2380111,2380141,49,+
2381474,2381507,58,+
2381821,2381851,61,+
2381925,2381957,82,+
2382050,2382079,98,+
2382345,2382368,49,+
2383129,2383150,48,+
2386348,2386377,80,+
2386423,2386449,56,+
2386852,2386878,56,+
2387663,2387694,59,+
2388707,2388736,52,+
2389838,2389867,52,-
2391680,2391709,98,+
2393266,2393298,59,+
2394602,2394639,58,+
2394829,2394847,51,-
2395123,2395141,67,+
2395184,2395219,89,-
2398913,2398949,54,+
2399397,2399426,52,+
2399633,2399656,72,+
2400544,2400561,50,+
2400793,2400822,66,+
2402044,2402066,61,-
2403717,2403746,98,-
2403751,2403780,58,+
2405026,2405070,49,+
2405074,2405103,98,-
2405159,2405179,64,+
2405282,2405314,75,-
2405342,2405366,48,+
2405601,2405632,82,+
2408466,2408505,54,+
2408978,2409006,63,+
2409759,2409778,49,+
2409955,2409979,87,+
2411436,2411455,47,+
2413465,2413506,53,+
2414534,2414581,50,+
2415108,2415134,83,-
2415208,2415240,92,+
2415431,2415476,53,+
2415689,2415714,47,+
2417771,2417810,54,+
2418308,2418351,65,+
2418475,2418509,68,+
2425520,2425540,48,-
2426095,2426131,57,+
2428988,2429023,58,+
2429453,2429483,68,+
2432145,2432187,52,+
2432331,2432359,109,+
2435993,2436028,76,-
2436034,2436069,61,-
2436308,2436326,49,-
2437042,2437085,47,+
2437865,2437884,47,+
2440716,2440733,69,+
2440834,2440856,61,-
2442113,2442132,49,+
2442194,2442220,56,+
2445903,2445945,52,+
2446772,2446801,60,+
2450626,2450672,47,-
2452356,2452384,54,+
2458403,2458441,54,-
2461071,2461094,49,+
2463895,2463925,51,-
2464387,2464412,56,+
2465751,2465782,54,-
2466274,2466295,49,+
2469772,2469806,62,-
2471203,2471243,51,-
2471825,2471842,52,-
2473860,2473894,59,-
2474337,2474354,50,-
2474876,2474914,51,-
2477234,2477277,54,-
2477568,2477590,61,+
2478100,2478116,52,+
2479228,2479246,50,+
2479379,2479397,67,-
2480376,2480401,47,-
2480477,2480501,48,+
2481516,2481534,49,+
2481829,2481852,60,+
2481952,2481974,61,+
2482257,2482292,59,-
2482898,2482928,68,+
2484329,2484375,47,+
2484510,2484542,82,+
2484803,2484837,56,+
2486518,2486541,48,+
2487571,2487610,53,+
2488036,2488054,67,-
2488610,2488646,59,+
2488681,2488701,48,+
2489624,2489643,52,+
2489826,2489844,49,+
2490601,2490633,49,+
2490646,2490685,55,-
2491022,2491042,49,+
2491794,2491818,48,+
2492391,2492427,56,+
2493665,2493687,51,+
2493713,2493730,69,+
2493758,2493787,52,+
2494065,2494101,47,-
2494096,2494133,57,+
2494168,2494210,47,+
2498559,2498594,59,-
2499207,2499224,52,+
2501099,2501127,66,+
2501247,2501276,52,-
2501461,2501487,63,+
2502179,2502210,50,-
2502694,2502716,61,+
2503343,2503363,48,+
2503867,2503886,112,+
2503918,2503955,71,-
2504487,2504521,51,+
2506096,2506115,112,+
2506162,2506197,91,-
2509049,2509071,51,-
2509785,2509812,71,-
2511286,2511306,47,-
2511438,2511470,58,-
2513242,2513260,50,+
2517295,2517313,50,-
2518119,2518158,50,-
2519021,2519040,51,+
2519862,2519895,62,+
2523584,2523611,71,-
2523705,2523740,92,+
2523783,2523804,48,+
2524206,2524238,58,+
2524307,2524330,48,+
2525454,2525490,58,+
2525685,2525717,59,+
2530956,2530976,48,-
2533986,2534007,63,+
2535572,2535604,59,+
2535769,2535809,51,+
2536221,2536252,65,-
2537405,2537432,64,+
2537728,2537745,50,+
2539325,2539346,48,+
2539705,2539742,58,+
2540894,2540921,57,+
2541597,2541630,94,+
2543014,2543041,55,-
2544153,2544185,62,+
2545568,2545606,61,-
2545715,2545734,49,-
2546205,2546231,68,+
2546282,2546311,66,+
2549165,2549196,48,+
2549637,2549660,60,+
2553034,2553076,53,-
2554737,2554769,62,+
2555552,2555572,64,-
2557725,2557748,48,+
2558181,2558208,65,-
2558879,2558910,70,+
2559415,2559435,64,-
2559647,2559680,51,+
2561350,2561382,70,+
2565452,2565474,61,+
2565878,2565901,60,-
2566696,2566735,54,+
2566769,2566794,60,-
2567654,2567676,61,+
2567745,2567772,55,-
2569613,2569638,69,+
2569954,2569973,51,+
2571796,2571815,84,+
2571942,2571972,60,+
2572076,2572098,48,+
2572179,2572204,67,+
2572495,2572524,52,+
2573348,2573367,47,+
2574190,2574217,57,+
2575567,2575586,49,-
2578288,2578329,50,+
2578377,2578400,60,+
2579438,2579468,51,-
2580079,2580096,50,+
2581126,2581155,98,-
2581279,2581319,49,+
2581479,2581504,84,+
2584090,2584131,55,+
2584547,2584571,48,+
2585135,2585169,64,+
2585906,2585926,64,+
2585990,2586012,48,+
2586504,2586533,71,+
2586565,2586592,57,-
2586700,2586727,65,+
2586846,2586864,49,+
2587471,2587499,65,+
2587802,2587821,112,+
2587870,2587901,108,-
2588190,2588211,63,-
2589334,2589358,48,+
2591407,2591430,60,+
2591470,2591507,98,+
2591529,2591569,71,-
2592430,2592449,47,+
2592684,2592721,99,+
2593889,2593909,110,+
2593956,2593980,70,-
2593984,2594004,54,+
2594491,2594524,59,+
2594759,2594778,112,+
2594825,2594849,70,-
2595589,2595607,49,+
2596914,2596938,59,-
2598023,2598054,59,+
2598096,2598120,70,-
2599211,2599248,104,+
2599592,2599625,58,+
2600062,2600079,50,+
2600652,2600688,58,+
2601267,2601287,47,-
2602042,2602066,70,+
2602875,2602902,68,+
2605194,2605220,71,+
2605628,2605666,69,+
2605901,2605920,49,-
2607322,2607352,62,+
2607790,2607829,61,+
2608908,2608923,72,+
2608948,2608981,94,-
2609008,2609024,52,-
2610130,2610148,49,+
2610298,2610330,62,+
2610717,2610735,67,+
2610768,2610788,47,+
2611243,2611276,59,-
2611489,2611518,52,-
2614449,2614476,55,+
2615345,2615369,59,+
2615922,2615959,54,+
2616448,2616474,56,+
2617068,2617097,98,+
2618418,2618435,52,+
2618578,2618599,51,+
2619012,2619051,59,+
2619461,2619476,53,+
2619998,2620036,62,+
2621252,2621272,49,-
2621934,2621959,67,-
2624530,2624555,47,+
2634574,2634608,62,-
2635241,2635271,51,-
2636421,2636449,58,-
2636870,2636901,60,-
2639024,2639047,60,-
2639192,2639216,48,-
2639853,2639874,51,+
2640897,2640924,69,+
2641843,2641887,52,-
2642188,2642219,79,+
2642745,2642763,49,+
2646455,2646490,58,+
2647146,2647173,65,-
2648814,2648848,50,+
2651013,2651042,98,+
2652065,2652092,65,+
2652935,2652966,62,-
2653057,2653089,60,+
2653333,2653366,59,-
2653434,2653462,69,+
2653611,2653643,61,-
2654669,2654698,55,+
2654779,2654813,51,-
2654803,2654827,48,+
2655742,2655773,50,+
2655829,2655849,48,+
2658106,2658130,48,+
2658354,2658371,52,+
2659915,2659941,61,+
2661440,2661459,47,+
2662534,2662561,55,-
2662617,2662658,52,+
2666666,2666695,52,+
2667219,2667246,85,+
2670791,2670827,48,+
2672823,2672843,49,+
2674193,2674213,49,+
2678152,2678171,47,-
2678792,2678821,98,+
2680176,2680196,64,-
2681747,2681773,56,-
2682056,2682091,58,+
2682675,2682692,50,+
2683602,2683622,47,+
2685236,2685263,81,+
2685667,2685684,69,-
2685729,2685750,48,-
2688681,2688700,47,-
2688973,2689007,75,+
2689023,2689041,49,+
2689069,2689095,85,+
2689193,2689224,63,-
2689932,2689955,60,+
2690157,2690179,61,+
2690792,2690810,49,+
2692778,2692809,112,+
2692982,2693013,59,+
2695754,2695773,49,+
2696080,2696100,49,+
2696322,2696348,66,+
2696852,2696888,61,+
2699456,2699492,58,+
2703291,2703320,98,+
2704177,2704209,62,+
2706702,2706722,48,-
2711567,2711589,70,+
2711683,2711706,61,-
2715699,2715740,68,+
2718755,2718792,64,+
2718845,2718865,47,+
2721883,2721911,66,+
2723737,2723767,65,+
2723945,2723969,59,+
2724450,2724483,59,-
2727502,2727522,48,+
2728033,2728058,67,+
2728443,2728467,48,+
2728620,2728639,47,-
2729716,2729741,84,+
2731849,2731878,52,+
2732040,2732072,50,+
2733908,2733935,55,-
2738822,2738845,72,+
2739027,2739058,55,+
2740416,2740436,64,+
2740898,2740942,48,-
2741020,2741060,59,+
2744765,2744794,63,-
2744822,2744855,48,-
2745113,2745133,47,-
2746807,2746840,50,+
2747161,2747194,74,+
2747374,2747403,98,+
2747532,2747561,98,+
2749302,2749318,52,+
2751820,2751849,68,+
2752400,2752441,55,+
2754933,2754976,49,-
2755759,2755787,63,-
2756244,2756264,47,+
2756431,2756452,62,+
2757068,2757086,52,-
2759701,2759721,47,-
2761948,2761976,54,+
2763490,2763506,52,+
2764844,2764878,105,+
2767816,2767837,49,-
2770078,2770096,49,+
2771444,2771480,55,-
2772658,2772695,62,-
2773383,2773400,50,+
2775785,2775804,47,-
2775928,2775970,53,-
2776904,2776924,64,+
2777079,2777097,49,-
2777564,2777599,47,+
2777685,2777709,48,+
2777939,2777966,55,-
2778070,2778089,66,+
2778129,2778161,54,+
2778634,2778677,69,+
2778731,2778758,66,-
2778871,2778901,65,+
2780944,2780984,55,+
2781669,2781689,49,+
2784791,2784825,61,-
2786056,2786088,58,-
2786598,2786621,49,-
2791967,2792001,58,-
2792336,2792359,49,+
2794212,2794233,52,-
2796060,2796097,58,+
2796537,2796562,47,-
2798360,2798384,71,+
2801515,2801544,98,-
2804344,2804366,51,+
2804645,2804674,51,-
2808337,2808377,55,+
2809355,2809384,98,-
2809434,2809465,55,+
2812643,2812664,48,+
2812676,2812705,52,+
2812841,2812867,68,+
2813844,2813863,112,+
2813913,2813937,70,-
2814032,2814051,66,+
2815046,2815079,48,-
2815294,2815311,50,+
2819278,2819312,64,-
2820872,2820897,57,-
2821380,2821409,66,-
2823504,2823524,48,+
2823835,2823858,48,-
2825262,2825289,55,+
2826462,2826487,58,+
2827819,2827861,49,+
2827988,2828014,56,-
2831123,2831149,67,-
2831338,2831366,57,+
2832170,2832214,53,+
2832783,2832810,55,+
2833289,2833317,63,+
2833787,2833803,70,+
2835438,2835468,51,+
2836028,2836060,67,+
2836913,2836943,65,+
2837112,2837133,51,+
2837260,2837280,48,+
2838233,2838271,71,+
2840204,2840233,98,+
2840286,2840308,72,+
2840380,2840403,49,-
2840511,2840532,48,+
2840821,2840845,48,-
2840873,2840906,74,+
2841272,2841297,67,+
2842571,2842593,61,+
2843843,2843865,61,+
2844406,2844424,51,-
2846440,2846462,49,+
2846867,2846889,48,+
2847005,2847047,50,-
2847084,2847115,50,+
2850590,2850606,70,+
2850642,2850670,70,-
2850775,2850815,53,+
2853285,2853305,47,+
2854390,2854420,49,+
2855215,2855236,63,+
2855872,2855898,56,+
2860590,2860620,59,-
2860987,2861017,66,+
2863002,2863031,67,+
2865140,2865163,60,+
2865424,2865455,50,-
2868238,2868265,66,+
2869726,2869761,65,+
2870125,2870151,56,-
2870632,2870657,57,+
2871344,2871376,63,-
2871532,2871548,70,-
2874918,2874944,66,+
2877293,2877324,54,+
2879284,2879320,58,-
2879330,2879357,68,+
2880871,2880888,52,+
2882862,2882886,71,+
2883967,2883994,55,+
2886018,2886038,64,-
2886705,2886752,49,+
2888121,2888156,57,-
2893876,2893898,61,+
2896998,2897026,54,+
2898052,2898072,49,+
2899903,2899922,51,+
2901286,2901323,58,+
2901597,2901631,47,+
2902510,2902532,48,+
2904021,2904052,57,+
2904415,2904452,47,-
2905439,2905472,56,+
2909100,2909122,51,-
2910546,2910582,58,-
2913926,2913947,48,+
2915239,2915261,48,+
2916090,2916133,93,+
2916256,2916279,48,-
2919593,2919634,54,+
2920098,2920140,57,+
2921121,2921155,62,+
2921792,2921826,61,+
2923374,2923396,61,+
2923548,2923566,49,+
2923878,2923900,48,+
2927721,2927750,52,+
2928505,2928534,68,-
2928698,2928717,49,+
2929173,2929202,52,+
2930774,2930803,98,+
2932096,2932115,49,+
2932183,2932208,71,+
2932908,2932933,69,+
2934086,2934115,98,+
2934447,2934477,68,+
2936623,2936652,98,+
2937606,2937628,48,-
2937854,2937877,50,-
2938025,2938057,65,-
2938191,2938214,48,-
2942847,2942877,51,+
2945062,2945093,50,+
2949708,2949727,47,-
2950209,2950232,48,+
2954248,2954275,71,+
2954411,2954443,60,+
2954701,2954723,51,-
2954765,2954798,74,+
2954977,2955006,98,+
2958102,2958118,70,+
2959871,2959896,58,-
2960389,2960417,82,+
2960913,2960942,70,+
2963527,2963554,55,+
2965793,2965814,62,+
2975663,2975700,75,+
2980054,2980073,49,+
2980657,2980694,74,+
2981154,2981199,49,+
2982299,2982318,47,+
2982639,2982658,49,+
2982818,2982837,51,+
2982974,2983010,58,-
2983341,2983362,48,-
2983506,2983542,48,-
2985362,2985380,49,-
2987196,2987223,55,+
2988090,2988119,60,+
2989770,2989792,61,-
2992505,2992522,69,-
2993640,2993660,47,+
2995413,2995432,49,+
2995519,2995539,51,+
2996302,2996319,50,+
2999628,2999649,49,+
3000535,3000578,50,+
3000791,3000824,48,+
3000854,3000877,60,+
3002410,3002433,60,-
3003458,3003481,48,+
3003621,3003647,69,+
3003795,3003818,50,+
3005080,3005105,67,+
3005378,3005420,55,+
3005526,3005546,64,-
3007858,3007889,64,+
3008909,3008926,69,+
3009417,3009455,55,+
3010584,3010604,64,+
3010700,3010736,52,+
3012998,3013021,60,-
3013192,3013215,61,+
3015806,3015833,63,+
3016961,3016980,66,+
3017619,3017646,55,+
3018457,3018486,52,+
3018691,3018723,52,+
3019595,3019622,65,+
3022397,3022424,55,-
3024079,3024108,98,+
3024673,3024694,49,-
3025588,3025609,48,-
3025755,3025775,47,+
3025819,3025844,60,+
3027321,3027342,48,+
3028802,3028827,67,+
3029094,3029132,55,-
3035422,3035452,68,+
3036529,3036560,59,+
3037727,3037746,47,+
3038246,3038269,60,+
3039563,3039585,51,+
3039676,3039718,63,+
3040590,3040610,49,+
3040626,3040648,48,+
3041210,3041237,58,+
3044134,3044149,72,+
3047093,3047118,47,-
3047940,3047979,57,+
3048945,3048968,71,+
3049012,3049040,71,+
3049176,3049208,59,-
3049543,3049560,69,+
3049762,3049786,48,+
3050299,3050328,54,-
3050582,3050615,74,-
3050657,3050679,51,+
3050936,3050969,48,-
3051046,3051070,59,+
3051282,3051311,54,-
3051436,3051474,61,+
3051490,3051515,86,+
3051610,3051647,56,+
3052036,3052060,69,+
3053792,3053814,61,-
3054110,3054129,47,-
3056235,3056260,71,+
3056327,3056369,70,+
3058539,3058566,65,-
3058603,3058627,70,+
3058682,3058699,69,-
3060285,3060313,71,-
3063732,3063764,59,-
3064388,3064407,49,+
3066126,3066153,55,+
3067845,3067871,56,-
3068366,3068399,79,+
3072406,3072434,54,+
3076461,3076492,78,+
3077379,3077400,52,+
3078008,3078034,71,+
3078795,3078826,61,-
3079455,3079489,62,+
3082345,3082374,98,+
3082637,3082664,66,+
3084604,3084630,56,+
3084907,3084943,48,+
3085902,3085925,50,+
3086758,3086789,48,+
3090436,3090453,52,+
3093444,3093477,78,+
3095520,3095547,55,-
3096103,3096132,98,+
3096853,3096878,86,+
3097218,3097242,70,+
3097874,3097905,67,-
3098674,3098712,56,-
3098773,3098791,49,+
3100423,3100452,52,+
3100500,3100532,49,+
3100579,3100610,48,+
3101679,3101696,52,-
3102275,3102303,54,+
3102658,3102674,70,+
3103615,3103641,56,+
3104776,3104804,54,+
3104808,3104833,67,+
3106145,3106163,67,-
3106333,3106356,50,+
3110145,3110173,54,-
3110529,3110552,60,-
3110996,3111033,59,+
3111387,3111410,49,-
3113727,3113758,62,-
3114746,3114781,57,-
3115418,3115459,50,+
3115723,3115753,68,+
3117555,3117595,54,+
3118565,3118590,69,+
3118654,3118674,49,+
3119495,3119527,49,-
3122348,3122372,59,-
3122477,3122500,60,+
3124933,3124951,67,+
3125886,3125903,50,+
3128093,3128124,62,+
3129245,3129275,68,+
3129505,3129529,59,+
3130030,3130054,48,+
3131002,3131024,49,+
3131288,3131320,62,+
3132212,3132249,47,-
3133894,3133923,52,-
3134830,3134852,49,+
3140310,3140330,48,+
3140528,3140567,55,-
3140653,3140678,47,+
3142357,3142389,49,+
3143280,3143324,50,-
3144886,3144916,65,+
3145707,3145736,52,+
3146746,3146773,68,+
3148545,3148568,49,+
3148611,3148639,54,-
3152270,3152305,59,+
3152380,3152400,48,-
3152539,3152570,60,+
3158771,3158800,70,+
3159238,3159270,60,+
3159922,3159943,62,+
3161883,3161916,58,+
3162025,3162045,47,-
3162069,3162099,51,-
3162531,3162570,58,+
3163864,3163902,56,-
3167382,3167410,60,+
3167617,3167646,54,-
3167653,3167671,49,+
3167954,3167987,74,-
3168476,3168505,54,-
3169518,3169542,59,-
3170094,3170122,85,-
3170151,3170174,60,+
3170960,3170979,47,+
3173411,3173432,49,-
3174012,3174048,76,+
3174597,3174625,60,-
3176306,3176324,51,+
3179408,3179428,49,-
3179576,3179605,52,-
3179668,3179691,49,-
3181312,3181338,56,-
3181994,3182018,59,-
3182049,3182067,51,+
3182700,3182728,52,-
3183433,3183453,64,+
3186507,3186527,47,+
3189307,3189347,51,+
3189583,3189608,58,+
3193241,3193290,73,+
3194138,3194157,49,+
3194288,3194326,51,+
3194456,3194477,48,+
3194970,3195008,55,+
3196734,3196761,66,+
3197403,3197439,54,+
3197642,3197679,61,+
3197713,3197739,56,+
3197892,3197908,53,+
3198137,3198165,67,+
3199574,3199605,68,+
3200058,3200079,62,+
3201493,3201524,50,+
3202019,3202045,56,+
3202495,3202532,73,+
3203685,3203729,49,-
3204212,3204232,51,-
3204255,3204287,49,+
3204427,3204450,49,-
3205467,3205483,70,+
3206144,3206179,62,+
3206873,3206893,49,-
3207489,3207518,60,+
3208949,3208968,47,-
3209013,3209046,61,-
3209292,3209314,49,-
3209916,3209938,48,+
3210789,3210827,71,-
3211662,3211683,48,+
3212828,3212861,62,-
3213802,3213836,63,+
3214777,3214810,67,-
3220466,3220486,47,+
3224007,3224031,48,-
3224261,3224293,48,+
3225010,3225030,49,+
3225913,3225932,49,-
3226500,3226538,58,-
3230194,3230222,60,-
3232901,3232931,65,+
3233873,3233897,48,+
3233926,3233955,98,+
3235275,3235298,70,+
3237540,3237572,52,+
3237725,3237753,65,+
3238603,3238631,71,+
3241111,3241137,56,+
3241334,3241370,54,-
3247382,3247412,49,+
3250908,3250934,66,+
3254014,3254035,48,-
3254954,3254976,49,+
3255223,3255245,48,-
3258706,3258729,49,+
3261192,3261222,68,-
3264890,3264936,47,-
3265552,3265574,49,+
3266876,3266896,64,+
3267313,3267331,49,+
3267678,3267696,49,+
3267821,3267859,58,+
3268055,3268086,50,+
3271149,3271177,54,+
3273564,3273603,54,-
3274157,3274190,64,+
3276330,3276356,56,+
3276731,3276752,51,+
3277055,3277074,49,+
3277482,3277504,61,-
3278482,3278512,68,-
3279807,3279826,66,-
3281388,3281405,69,+
3281779,3281807,52,+
3281911,3281942,51,-
3282917,3282951,51,+
3284805,3284841,59,+
3285841,3285871,51,+
3290447,3290486,58,-
3292291,3292316,57,-
3294749,3294785,58,+
3294893,3294913,64,-
3296433,3296452,49,+
3297543,3297567,69,+
3298419,3298449,51,-
3299221,3299254,60,-
3300183,3300211,54,-
3303273,3303290,69,+
3304614,3304661,50,+
3307851,3307874,60,-
3315044,3315074,51,+
3315851,3315870,51,+
3315905,3315925,47,+
3317177,3317217,54,+
3318144,3318174,63,+
3319580,3319612,49,-
3322370,3322410,58,+
3322843,3322885,53,-
3325267,3325296,54,+
3326539,3326558,52,+
3326990,3327030,53,+
3327312,3327332,47,+
3327551,3327585,61,+
3327956,3327978,48,+
3328893,3328926,70,+
3328960,3328978,49,+
3332142,3332180,59,+
3333104,3333146,52,-
3333329,3333349,48,+
3334009,3334038,70,+
3334539,3334562,69,+
3336665,3336689,59,+
3337494,3337513,47,-
3339115,3339138,50,+
3340451,3340472,49,-
3343065,3343093,88,+
3343397,3343426,51,-
3344387,3344411,59,+
3345470,3345487,52,+
3346053,3346074,49,-
3346154,3346171,50,-
3347115,3347138,48,+
3347626,3347655,68,+
3350625,3350641,52,+
3352912,3352944,58,+
3353396,3353427,60,+
3353630,3353674,52,-
3354004,3354039,59,+
3354366,3354403,104,+
3355503,3355528,71,+
3355724,3355751,55,+
3356339,3356365,56,+
3356869,3356894,69,+
3356923,3356951,69,+
3358291,3358328,55,+
3358498,3358518,47,+
3360518,3360541,70,-
3362562,3362601,61,+
3363284,3363312,54,+
3364159,3364178,49,-
3364371,3364392,48,+
3365236,3365257,62,+
3365731,3365755,58,-
3365854,3365875,49,+
3365887,3365913,56,-
3366318,3366353,58,-
3368310,3368328,49,+
3368524,3368548,69,+
3368639,3368660,49,-
3370480,3370520,59,+
3371140,3371163,60,+
3372244,3372268,86,+
3372681,3372706,57,+
3372940,3372973,64,+
3373289,3373319,51,+
3374311,3374342,67,+
3374385,3374420,56,+
3377935,3377954,49,-
3379790,3379814,48,+
3380407,3380424,52,+
3380475,3380496,63,+
3381901,3381921,64,+
3385017,3385046,52,-
3385982,3386008,56,-
3386764,3386790,68,-
3387437,3387468,50,-
3387885,3387905,51,-
3388549,3388588,57,-
3388827,3388846,49,+
3389540,3389568,54,-
3391149,3391188,53,-
3392257,3392276,66,-
3392750,3392772,61,+
3393181,3393207,56,-
3393673,3393722,48,-
3394325,3394349,59,-
3394454,3394478,59,+
3394864,3394882,50,-
3394921,3394949,54,+
3396087,3396128,52,-
3396957,3396980,60,-
3397793,3397824,50,-
3397960,3397990,65,-
3398604,3398629,57,-
3399953,3399978,67,+
3400364,3400388,48,+
3400541,3400560,47,-
3401196,3401225,98,+
3402328,3402353,57,-
3402494,3402510,70,+
3403800,3403825,67,+
3406160,3406187,57,+
3407347,3407368,48,+
3411173,3411196,50,+
3412145,3412187,50,-
3413960,3413986,68,+
3414226,3414265,50,-
3414493,3414510,52,+
3414609,3414638,55,+
3415642,3415663,63,+
3417206,3417233,55,+
3418974,3419023,48,+
3426570,3426611,68,+
3427744,3427767,60,+
3428060,3428081,48,+
3428188,3428219,67,+
3430618,3430644,61,+
3431165,3431208,50,-
3432890,3432925,58,+
3433986,3434009,60,+
3435929,3435964,50,+
3438540,3438582,53,+
3443348,3443381,58,-
3443681,3443712,50,-
3444254,3444271,52,+
3445457,3445498,50,+
3446311,3446347,59,+
3446995,3447018,48,+
3447484,3447501,50,+
3448118,3448143,57,+
3449002,3449020,50,-
3449399,3449423,76,+
3451005,3451024,51,+
3452719,3452763,48,+
3452864,3452897,48,+
3453858,3453878,47,-
3458405,3458441,48,-
3458648,3458673,71,+
3459346,3459375,70,+
3460144,3460168,48,+
3461120,3461139,49,+
3464260,3464293,74,-
3464335,3464357,51,+
3464649,3464670,90,+
3464726,3464743,69,-
3464852,3464874,107,+
3466965,3466986,53,+
3467069,3467089,47,+
3467390,3467410,47,+
3469950,3469970,64,+
3470295,3470320,57,+
3470818,3470842,48,+
3470983,3471004,63,+
3471154,3471173,66,+
3471382,3471416,67,+
3472106,3472128,70,+
3474603,3474641,57,+
3476047,3476067,64,+
3482954,3482975,51,+
3483469,3483502,55,+
3484182,3484209,55,-
3486239,3486263,59,+
3486573,3486601,54,+
3486810,3486845,61,+
3486926,3486958,67,+
3487425,3487457,59,+
3487628,3487650,61,+
3487844,3487887,49,+
3488756,3488781,71,+
3489082,3489107,58,+
3489166,3489186,64,+
3489210,3489232,61,+
3489280,3489298,67,+
3489867,3489892,57,+
3489913,3489937,59,+
3491304,3491324,49,+
3491396,3491414,50,+
3492187,3492216,69,+
3492739,3492758,47,+
3493031,3493051,64,+
3494274,3494298,48,+
3496632,3496657,58,+
3496805,3496823,49,+
3498120,3498155,78,+
3498619,3498647,60,+
3500143,3500161,57,+
3502097,3502135,57,+
3504589,3504613,48,-
3505056,3505101,49,+
3505449,3505475,64,+
3506550,3506575,69,-
3507016,3507046,82,+
3508822,3508848,56,+
3515098,3515115,50,-
3519511,3519539,54,-
3520607,3520643,59,-
3525284,3525301,52,+
3530496,3530514,49,-
3532460,3532479,47,+
3535740,3535774,58,+
3535783,3535802,49,+
3536965,3536985,47,+
3537098,3537119,48,+
3540015,3540033,67,+
3540250,3540266,52,+
3542250,3542275,69,+
3546233,3546258,56,+
3547506,3547528,49,+
3548776,3548794,49,+
3549690,3549731,55,+
3549777,3549806,65,+
3552120,3552148,69,+
3552335,3552367,76,-
3553573,3553594,48,+
3555665,3555698,58,+
3555715,3555734,49,-
3555934,3555958,59,-
3556679,3556719,58,+
3558362,3558383,63,+
3558948,3558978,51,+
3560651,3560685,50,+
3562804,3562833,52,-
3563515,3563533,49,-
3563741,3563762,63,+
3574877,3574903,57,+
3578070,3578096,66,+
3586604,3586625,63,+
3588145,3588169,59,-
3588348,3588369,48,-
3588739,3588763,48,-
3589355,3589386,50,-
3590133,3590157,58,+
3591319,3591341,61,-
3592087,3592116,63,+
3593093,3593121,54,+
3593206,3593226,64,+
3593457,3593491,50,+
3595015,3595033,49,+
3595669,3595694,58,+
3597453,3597478,71,+
3598906,3598930,59,-
3601751,3601776,57,+
3603325,3603369,49,-
3603417,3603442,57,-
3604516,3604539,49,-
3605034,3605058,59,+
3608289,3608306,50,+
3609045,3609070,47,+
3609510,3609530,47,+
3609878,3609901,48,+
3610358,3610376,49,+
3611438,3611477,57,-
3613480,3613497,52,-
3614693,3614721,63,+
3619988,3620012,48,-
3620727,3620748,63,+
3620999,3621025,71,+
3623215,3623252,54,+
3623698,3623716,51,+
3623985,3624006,49,+
3624521,3624548,71,+
3625941,3625970,51,+
3626321,3626350,52,-
3627277,3627317,59,-
3629694,3629731,102,+
3630486,3630528,69,-
3634019,3634037,51,+
3634479,3634501,51,+
3636407,3636441,60,+
3636797,3636815,50,+
3640242,3640261,66,+
3641382,3641413,82,+
3642893,3642923,63,+
3645595,3645618,60,+
3645727,3645745,50,+
3645845,3645873,66,+
3646023,3646053,51,+
3647897,3647926,52,+
3650210,3650225,53,+
3650400,3650433,65,+
3651180,3651210,59,+
3654101,3654122,49,+
3654589,3654607,50,+
3654956,3654971,72,+
3655173,3655211,51,+
3657821,3657851,60,+
3661331,3661348,52,+
3661942,3661959,69,+
3663420,3663435,53,+
3665019,3665045,56,-
3666277,3666308,51,+
3667027,3667060,47,+
3668895,3668919,48,+
3669072,3669091,47,-
3669727,3669756,54,+
3669978,3670007,98,+
3672060,3672087,70,+
3674381,3674400,47,+
3677069,3677094,60,+
3677593,3677614,53,+
3682773,3682800,58,+
3684531,3684556,47,-
3687475,3687498,60,+
3688612,3688632,64,+
3689049,3689069,64,+
3689535,3689568,47,+
3689589,3689618,55,+
3689800,3689817,52,+
3689942,3689984,55,+
3690167,3690185,49,+
3690263,3690292,98,-
3690602,3690635,74,-
3690677,3690699,51,+
3691121,3691151,77,+
3691182,3691200,67,-
3691579,3691606,55,+
3693922,3693954,66,+
3695061,3695082,53,+
3695224,3695244,47,-
3696426,3696464,61,-
3699342,3699365,60,+
3699444,3699464,82,-
3699726,3699754,54,+
3699770,3699805,59,-
3700873,3700909,59,+
3702337,3702373,59,+
3705304,3705333,52,+
3705785,3705822,58,+
3709433,3709465,50,-
3710570,3710590,48,+
3711113,3711131,67,+
3713015,3713045,63,+
3714385,3714415,68,+
3722168,3722193,57,+
3728548,3728577,52,+
3730260,3730296,55,-
3734166,3734198,49,+
3737266,3737294,54,-
3739392,3739430,58,+
3741047,3741086,71,+
3744300,3744317,50,+
3750249,3750267,50,-
3751212,3751242,51,+
3754826,3754862,64,-
3758330,3758349,49,+
3758794,3758826,64,+
3760158,3760183,47,+
3760844,3760861,52,-
3760991,3761014,49,-
3761132,3761149,52,-
3761248,3761273,66,+
3761562,3761605,52,-
3763408,3763427,51,+
3764500,3764520,64,+
3764598,3764627,66,+
3768509,3768528,49,+
3776959,3776985,56,+
3779524,3779548,88,+
3781923,3781959,58,-
3782197,3782240,52,+
3785776,3785808,51,-
3789671,3789696,57,+
3792345,3792377,56,+
3793184,3793230,88,+
3793424,3793441,50,-
3794149,3794188,73,-
3797276,3797307,52,+
3797836,3797871,59,+
3800053,3800078,57,+
3800796,3800822,56,+
3802144,3802162,50,+
3803659,3803679,48,+
3810408,3810442,78,+
3810692,3810730,55,+
3810898,3810920,61,-
3811513,3811547,92,-
3811603,3811632,63,+
3812182,3812209,71,-
3814090,3814111,48,+
3815004,3815030,66,+
3816276,3816296,48,+
3817175,3817194,47,-
3817232,3817261,52,+
3819622,3819658,58,+
3821870,3821893,49,+
3824929,3824945,70,+
3825434,3825453,47,+
3826340,3826374,55,+
3826834,3826858,69,+
3827278,3827309,63,+
3827378,3827411,62,-
3829568,3829591,48,+
3829856,3829895,54,-
3830052,3830094,48,+
3833251,3833273,48,+
3833771,3833790,49,+
3838546,3838577,67,-
3839401,3839419,57,+
3841587,3841615,52,+
3842012,3842028,52,-
3842275,3842301,56,+
3845359,3845389,77,+
3848507,3848537,51,-
3848869,3848900,50,-
3850091,3850114,60,-
3851294,3851315,63,+
3852112,3852130,49,-
3852749,3852776,69,-
3853739,3853768,54,+
3856478,3856510,48,-
3857117,3857140,60,+
3859649,3859669,64,+
3862522,3862542,47,+
3863581,3863626,50,+
3863732,3863769,59,+
3864569,3864597,88,-
3864851,3864884,74,-
3864926,3864948,51,+
3865240,3865261,90,+
3865317,3865334,69,-
3865383,3865412,98,-
3865676,3865702,66,-
3866635,3866653,67,+
3866682,3866711,98,-
3867229,3867262,48,-
3867976,3868014,71,+
3869609,3869625,52,+
3874020,3874044,59,+
3877927,3877957,54,+
3878215,3878249,62,+
3878261,3878290,65,+
3878620,3878646,69,+
3879055,3879074,49,+
3882165,3882190,47,+
3882488,3882511,48,+
3883169,3883202,60,-
3883778,3883814,62,+
3884293,3884314,63,+
3885387,3885418,67,-
3890471,3890490,47,+
3890787,3890810,60,-
3892523,3892544,48,-
3892889,3892918,67,-
3893331,3893350,49,-
3894264,3894285,49,+
3898431,3898451,49,+
3903315,3903343,66,+
3904136,3904160,58,+
3904192,3904234,48,-
3905079,3905103,48,-
3905273,3905291,49,+
3909349,3909366,69,+
3911872,3911892,49,-
3912247,3912274,64,+
3913757,3913781,48,-
3914937,3914981,53,-
3918112,3918148,58,+
3919466,3919500,68,-
3925774,3925797,49,+
3927450,3927469,51,+
3927760,3927779,49,+
3928004,3928029,68,+
3928482,3928502,47,+
3933581,3933609,54,-
3937026,3937044,67,+
3939545,3939574,52,+
3940453,3940486,70,-
3941448,3941477,65,+
3941575,3941595,65,+
3942369,3942393,48,+
3942466,3942486,48,-
3942597,3942643,48,-
3945933,3945962,52,+
3950185,3950209,48,-
3951170,3951190,47,-
3952213,3952231,67,-
3953640,3953661,63,-
3956465,3956485,64,+
3958372,3958392,51,+
3959186,3959205,66,-
3959536,3959557,49,-
3960180,3960221,52,+
3960233,3960271,53,-
3961132,3961148,52,-
3964081,3964102,63,+
3968964,3968986,61,-
3969199,3969242,55,-
3969838,3969878,52,+
3971002,3971038,47,+
3971700,3971742,55,-
3973017,3973046,52,-
3974761,3974778,69,-
3975943,3975970,53,+
3977382,3977408,55,-
3977888,3977913,47,-
3979360,3979402,54,+
3981507,3981533,66,-
3984519,3984536,50,+
3984643,3984670,55,+
3986378,3986411,48,-
3986516,3986545,52,-
3986669,3986703,67,-
3986746,3986763,52,-
3987200,3987219,47,-
3987822,3987863,57,-
3989726,3989745,49,-
3991244,3991286,54,+
3992132,3992171,59,+
3992391,3992419,54,-
3995250,3995282,49,+
3995449,3995472,50,-
3995858,3995890,62,-
3996212,3996245,64,-
3997117,3997156,59,+
3998211,3998231,48,-
4000166,4000186,47,+
4001186,4001215,98,-
4001413,4001451,58,-
4003929,4003963,50,-
4006261,4006279,51,-
4006858,4006884,56,-
4007278,4007312,74,-
4013481,4013507,71,-
4014090,4014119,63,-
4014740,4014764,48,-
4017113,4017141,52,-
4020958,4020987,98,-
4021685,4021714,63,-
4022643,4022669,56,+
4023641,4023675,59,-
4024271,4024303,58,+
4027596,4027630,56,+
4028202,4028234,64,-
4028537,4028570,62,+
4030081,4030110,68,+
4030364,4030384,47,-
4034615,4034641,57,-
4035556,4035573,69,-
4035664,4035690,56,-
4036597,4036621,59,+
4037348,4037381,64,+
4037774,4037794,49,-
4039696,4039723,71,-
4044652,4044670,49,+
4048814,4048833,49,-
4049501,4049529,58,+
4050280,4050297,50,+
4053148,4053166,51,-
4054885,4054909,69,+
4055020,4055046,58,+
4059676,4059701,57,-
4061761,4061799,70,-
4063417,4063452,59,+
4064121,4064162,55,-
4068047,4068084,56,+
4071405,4071435,66,+
4076331,4076349,49,-
4081446,4081482,61,+
4082735,4082768,74,-
4082810,4082830,51,+
4083126,4083160,92,+
4083204,4083221,69,-
4083273,4083302,54,-
4083952,4083972,47,+
4084883,4084904,49,-
4084954,4084977,60,-
4086853,4086887,58,-
4087294,4087323,52,+
4089093,4089113,48,+
4092366,4092388,51,-
4093782,4093809,63,-
4094277,4094306,97,-
4097681,4097698,50,+
4099460,4099495,78,-
4102368,4102399,112,-
4103778,4103799,63,+
4104751,4104770,47,-
4104830,4104863,52,-
4107403,4107422,51,+
4109773,4109808,55,+
4110272,4110300,54,-
4110807,4110839,49,-
4110858,4110878,47,-
4118533,4118553,73,-
4119597,4119618,49,+
4119888,4119910,48,-
4120085,4120113,61,-
4126589,4126625,59,+
4128733,4128759,56,-
4129100,4129116,70,-
4130265,4130293,69,-
4132692,4132722,68,-
4132964,4132987,87,-
4133075,4133097,61,-
4133160,4133180,64,-
4134344,4134369,66,-
4135410,4135439,54,-
4135649,4135666,52,+
4137167,4137198,60,-
4137373,4137407,50,-
4138016,4138040,71,-
4138450,4138474,59,-
4139018,4139055,58,-
4140597,4140641,90,-
4142621,4142642,48,-
4144114,4144147,60,-
4144230,4144250,64,-
4147186,4147205,52,-
4147644,4147664,47,-
4148031,4148051,47,-
4151705,4151729,59,-
4152939,4152958,47,-
4155264,4155294,51,-
4156126,4156149,60,+
4156683,4156710,66,-
4159718,4159738,47,-
4159872,4159902,67,+
4160062,4160085,49,-
4164600,4164641,53,+
4165708,4165746,55,+
4167971,4168005,59,-
4168165,4168191,71,-
4171611,4171644,64,-
4172290,4172323,63,-
4172414,4172438,69,-
4172692,4172738,47,+
4172877,4172921,47,-
4173003,4173049,50,-
4174067,4174082,53,-
4174472,4174511,54,-
4176089,4176107,51,-
4176233,4176255,61,-
4182848,4182869,51,+
4183078,4183110,52,-
4184375,4184399,59,-
4185000,4185019,47,-
4186738,4186759,48,+
4189286,4189329,50,+
4191406,4191429,64,-
4191890,4191916,66,-
4192971,4193013,50,+
4193050,4193075,89,-
4194922,4194947,47,-
4197010,4197042,60,-
4197102,4197131,57,-
4198168,4198188,49,-
4200104,4200142,71,-
4200314,4200335,48,-
4202332,4202366,57,-
4202829,4202856,53,-
4202923,4202958,59,-
4202981,4203012,68,-
4203168,4203210,69,-
4203411,4203430,52,-
4203629,4203651,97,-
4206416,4206445,57,-
4209081,4209118,75,-
4212670,4212698,54,-
4213800,4213826,70,-
4218818,4218854,58,+
4218870,4218888,49,-
4219496,4219521,57,-
4222130,4222153,50,+
4224932,4224979,88,-
4226639,4226673,47,-
4231063,4231093,68,+
4233285,4233317,62,-
4236479,4236502,48,-
4236980,4237019,54,-
4237067,4237099,49,-
4237122,4237144,49,-
4237187,4237210,60,-
4242896,4242926,60,-
4243337,4243363,68,-
4245998,4246020,49,+
4247714,4247753,61,+
4248918,4248954,62,-
4249681,4249706,57,-
4249802,4249836,51,-
4250943,4250983,57,-
4251625,4251643,67,-
4252536,4252556,47,-
4252617,4252646,65,-
4254806,4254827,63,-
4259821,4259858,56,-
4260969,4260986,52,+
4261068,4261106,53,+
4264096,4264130,55,-
4264243,4264271,80,-
4264953,4264988,47,-
4265040,4265073,58,-
4265620,4265643,49,-
4265664,4265695,51,-
4265759,4265792,51,-
4265868,4265897,67,-
4268015,4268048,65,-
4268575,4268601,56,+
4269830,4269868,59,-
4270214,4270237,48,-
4270409,4270438,68,-
4271068,4271087,47,+
4272550,4272578,99,-
4274636,4274667,51,+
4274810,4274834,69,-
4275191,4275229,57,-
4275377,4275401,76,-
4275627,4275668,53,-
4275928,4275953,47,-
4276024,4276065,69,-
4276551,4276580,67,-
4276615,4276637,61,-
4276659,4276683,48,-
4278421,4278438,52,-
4278649,4278697,49,-
4279028,4279057,52,-
4279200,4279219,49,-
4279370,4279400,52,-
4280227,4280248,48,-
4280289,4280326,58,-
4280520,4280551,49,+
4280866,4280890,60,+
4282122,4282160,59,-
4282553,4282586,64,-
4283695,4283718,49,-
4283837,4283870,62,-
4284348,4284368,48,-
4284927,4284957,57,-
4285957,4285988,50,-
4287644,4287664,64,+
4288247,4288264,50,-
4289127,4289154,63,-
4291793,4291814,48,-
4291937,4291965,70,-
4293835,4293853,50,-
4294804,4294826,51,-
4294963,4294986,72,-
4295310,4295343,60,-
4295857,4295885,65,-
4300757,4300782,58,-
4303582,4303605,48,-
4303943,4303968,58,-
4305904,4305933,52,-
4306283,4306298,53,-
4309465,4309489,48,+
4317393,4317416,70,-
4318383,4318407,59,-
4320420,4320443,69,-
4324320,4324343,48,-
4331893,4331930,59,-
4334762,4334782,64,+
4334890,4334929,52,-
4335286,4335317,59,-
4336730,4336753,60,-
4336964,4336998,60,-
4341195,4341237,57,-
4344227,4344254,55,+
4345950,4345981,50,+
4347769,4347788,47,+
4350375,4350395,64,-
4351106,4351145,54,+
4353119,4353138,47,-
4354534,4354555,72,-
4356825,4356853,53,+
4363298,4363319,48,-
4363382,4363402,64,-
4364631,4364661,67,+
4365042,4365064,48,-
4365569,4365590,49,-
4371418,4371444,63,+
4372385,4372415,54,-
4372837,4372872,59,-
4373364,4373397,64,-
4374355,4374384,52,-
4376005,4376033,65,+
4376378,4376406,65,-
4377583,4377602,49,+
4379421,4379453,54,-
4380180,4380199,47,+
4384416,4384449,52,-
4384726,4384750,59,-
4389450,4389474,59,-
4391335,4391377,50,+
4392542,4392574,49,-
4395908,4395928,64,-
4397858,4397899,55,-
4398941,4398968,57,-
4399138,4399160,61,-
4399219,4399240,63,-
4402107,4402126,47,-
4405708,4405728,47,+
4407462,4407488,61,-
4408298,4408317,49,-
4408771,4408800,52,-
4409258,4409283,66,-
4410104,4410124,47,-
4410380,4410425,53,-
4411188,4411210,48,-
4411517,4411544,71,-
4414104,4414148,52,+
4416186,4416209,49,+
4417398,4417417,49,-
4417766,4417794,54,-
4418099,4418126,65,-
4419111,4419148,56,-
4419959,4419988,68,-
4421050,4421074,48,+
4421357,4421394,51,-
4421464,4421505,51,-
4422385,4422410,57,+
4424575,4424602,55,-
4426601,4426629,66,-
4427695,4427718,50,-
4432362,4432390,55,-
4433731,4433760,98,+
4437863,4437891,54,-
4438284,4438311,55,-
4439008,4439036,71,-
4441905,4441937,51,+
4445035,4445070,61,-
4447015,4447045,65,-
4449022,4449052,63,+
4449727,4449752,57,-
4450590,4450614,48,-
4451748,4451765,50,+
4452559,4452587,54,-
4453342,4453382,73,-
4455328,4455358,52,+
4457721,4457748,57,+
4458943,4458971,71,-
4460752,4460783,51,-
4461891,4461911,47,-
4468506,4468531,67,-
4470438,4470464,56,-
4470667,4470702,61,-
4470894,4470923,60,-
4470959,4470995,59,-
4471173,4471204,50,-
4471981,4472010,98,-
4475334,4475370,54,+
4475403,4475432,52,+
4475961,4475997,55,+
4476698,4476732,62,-
4477925,4477944,47,-
4478112,4478135,48,+
4480574,4480604,63,-
4482036,4482068,49,+
4482564,4482595,50,-
4482943,4482972,98,-
4484989,4485011,72,-
4486484,4486514,51,-
4487384,4487409,67,-
4488883,4488903,47,+
4488930,4488951,51,-
4489306,4489342,91,-
4490495,4490526,50,+
4490967,4490996,70,-
4492824,4492850,68,-
4493804,4493836,54,-
4495708,4495731,105,-
4496660,4496689,52,+
4497350,4497374,59,-
4499431,4499459,70,-
4499529,4499552,60,-
4499728,4499758,59,-
4500696,4500731,62,-
4500885,4500905,48,+
4501500,4501533,58,-
4502672,4502706,60,-
4503594,4503614,47,-
4503771,4503797,56,-
4506892,4506910,50,-
4507234,4507253,47,-
4509201,4509222,49,-
4509885,4509918,61,-
4513048,4513070,61,-
4513675,4513706,50,-
4514085,4514133,47,-
4516770,4516793,49,-
4517037,4517064,55,-
4520124,4520168,53,-
4520604,4520649,52,+
4520717,4520734,50,+
4520802,4520821,66,-
4522919,4522935,70,-
4523274,4523309,64,-
4525800,4525823,72,-
4526129,4526158,98,+
4526294,4526326,60,+
4526647,4526680,74,+
4526860,4526889,98,+
4526991,4527013,89,-
4527108,4527134,56,+
4528577,4528598,72,-
4528662,4528694,60,+
4528727,4528761,62,+
4529243,4529266,50,-
4530148,4530178,63,+
4532900,4532922,51,-
4533017,4533043,56,-
4533483,4533502,52,-
4534334,4534358,71,-
4536028,4536055,72,-
4536254,4536288,48,-
4538323,4538352,65,-
4538739,4538776,64,-
4540280,4540313,64,-
4542050,4542085,55,-
4542487,4542506,47,+
4543213,4543240,68,-
4543785,4543811,56,+
4544327,4544362,61,+
4545316,4545346,65,+
4546934,4546962,70,-
4550763,4550788,57,-
4551886,4551917,76,-
4552751,4552774,49,-
4557852,4557869,69,-
4558577,4558610,76,-
4559834,4559858,89,-
4560130,4560163,58,-
4560342,4560359,69,-
4560567,4560593,56,-
4560876,4560896,47,+
4561346,4561376,66,+
4562521,4562540,47,+
4563149,4563171,70,-
4564606,4564628,61,+
4565232,4565250,50,-
4565959,4565979,64,-
4567204,4567228,48,+
4567275,4567316,69,-
4567825,4567867,52,-
4569358,4569374,52,-
4571441,4571465,59,-
4572177,4572210,80,-
4581604,4581624,47,+
4582104,4582124,47,-
4583735,4583759,48,-
4584072,4584091,66,-
4586792,4586811,49,+
4588798,4588824,56,-
4591802,4591827,47,-
4592368,4592391,48,+
4593055,4593075,47,-
4593931,4593971,51,+
4596670,4596692,61,+
4599702,4599732,51,+
4601167,4601196,63,-
4601230,4601253,60,-
4603376,4603406,66,-
4604154,4604177,49,+
4609141,4609166,60,-
4610496,4610532,54,+
4610747,4610780,52,-
4611442,4611461,49,-
4615897,4615917,64,-
4616275,4616304,54,-
4617113,4617140,55,+
4618400,4618439,50,-
4619101,4619129,71,-
4619725,4619742,52,+
4620272,4620301,52,+
4620313,4620339,56,+
4620833,4620865,48,-
4623422,4623464,52,-
4624002,4624022,48,+
4624657,4624677,47,-
4625004,4625025,63,-
4625207,4625245,61,-
4625287,4625330,55,-
4625572,4625594,61,-
4626838,4626868,57,-
4627675,4627705,51,-
4631069,4631106,47,+
4631776,4631796,49,-
4632315,4632340,57,-
4633218,4633234,70,-
4634110,4634130,47,-
4634617,4634647,65,+
4635055,4635076,63,-
4635706,4635727,48,-
4637808,4637828,49,-
4638441,4638466,58,+
4641048,4641077,82,-
4641193,4641217,58,-
4643571,4643607,74,+
4645491,4645512,63,+
4648416,4648441,75,-
4649645,4649687,65,+
4649718,4649747,52,+
4650473,4650496,61,-
4651650,4651671,63,-
4654053,4654098,50,+
4655913,4655955,52,-
4658415,4658431,53,-
4658545,4658562,50,+
4666997,4667014,52,-
4668343,4668359,52,-
4676589,4676622,59,+
4680165,4680210,47,-
4681943,4681976,56,-
4686810,4686836,86,-
4688509,4688528,66,-
4690378,4690413,59,-
4692822,4692851,52,-
4695661,4695688,57,-
4697134,4697170,57,-
4697444,4697484,54,-
4698900,4698928,80,-
4701415,4701450,59,-
4701484,4701518,62,+
4701708,4701737,51,-
4702874,4702914,55,+
4703493,4703513,49,+
4704170,4704205,62,-
4704533,4704561,63,+
4705642,4705659,69,-
4706309,4706332,60,+
4706428,4706471,53,-
4707073,4707094,72,+
4707286,4707305,47,-
4707469,4707497,70,-
4707826,4707845,47,+
4707879,4707921,53,+
4710667,4710709,53,+
4711831,4711852,48,-
4715628,4715671,50,+
4717850,4717876,56,-
4718125,4718150,47,-
4718913,4718944,63,-
4721882,4721914,51,-
4723673,4723712,54,+
4727624,4727643,47,-
4727795,4727828,52,-
4729469,4729498,66,-
4730252,4730284,54,+
4733421,4733440,47,-
4736057,4736073,52,-
4738145,4738173,55,-
4740916,4740936,64,-
4744383,4744413,51,+
4747110,4747138,54,+
4748694,4748710,52,-
4750284,4750303,47,+
4750374,4750400,56,-
4750692,4750728,62,-
4751146,4751167,51,-
4751455,4751485,60,-
4751890,4751923,64,+
4755424,4755472,48,+
4757238,4757256,50,-
4757639,4757672,64,-
4758051,4758080,52,-
4758875,4758892,50,-
4759667,4759694,55,-
4759848,4759866,50,-
4759899,4759931,49,-
4761539,4761563,67,+
4761673,4761702,98,-
4761731,4761766,64,-
4761992,4762011,47,+
4763490,4763513,48,-
4764591,4764616,69,+
4765076,4765118,50,-
4765546,4765566,64,-
4766347,4766365,67,-
4766418,4766451,48,+
4767940,4767974,62,-
4770317,4770346,52,+
4771683,4771711,67,+
4772482,4772523,65,+
4775142,4775160,49,+
4777556,4777579,50,-
4778036,4778054,67,-
4778873,4778898,69,-
4780202,4780223,52,-
4780741,4780785,53,-
4781501,4781537,58,-
4781829,4781859,55,-
4782705,4782723,49,-
4784124,4784146,61,+
4785753,4785794,51,-
4786783,4786820,62,+
4789692,4789720,65,+
4792469,4792487,49,+
4793058,4793089,54,-
4794320,4794350,54,-
4794677,4794703,56,-
4797169,4797203,48,+
4800442,4800466,48,-
4805074,4805093,49,-
4806934,4806964,77,-
4807799,4807825,56,-
4807886,4807915,52,-
4809958,4809983,57,+
4813787,4813810,60,-
4819759,4819779,49,-
4820727,4820769,55,-
4821042,4821066,48,-
4824528,4824563,65,-
4829092,4829115,49,-
4830545,4830565,48,-
4835524,4835565,53,-
4836991,4837017,83,-
4838767,4838786,49,-
4840997,4841020,60,-
4841267,4841285,52,-
4841700,4841740,57,-
4842071,4842111,53,-
4842811,4842845,102,-
4845393,4845421,54,-
4848632,4848651,47,-
4849917,4849937,48,+
4851765,4851797,49,-
4855173,4855198,57,-
4855460,4855493,64,-
4856551,4856569,49,-
4856692,4856725,58,-
4863334,4863354,47,+
4864126,4864154,64,-
4872812,4872836,60,+
4875377,4875403,56,+
4877565,4877610,49,-
4879041,4879061,49,-
4880173,4880197,48,-
4883655,4883693,62,-
4886509,4886531,49,-
4887441,4887458,52,-
4894605,4894626,51,-
4896239,4896266,55,-
4896610,4896648,54,-
4898097,4898119,51,-
4900874,4900894,64,-
4900959,4900988,52,+
4903365,4903385,48,+
4903902,4903930,70,-
4904093,4904115,61,-
4905864,4905893,98,+
4908114,4908141,57,-
4912347,4912364,69,-
4914525,4914558,62,-
4915539,4915558,47,+
4916273,4916296,50,-
4917999,4918028,52,-
4919455,4919482,55,+
4924121,4924140,47,+
4924133,4924175,54,-
4928703,4928724,63,+
4930246,4930269,70,-
4932681,4932705,67,-
4935199,4935233,61,+
4938048,4938075,65,-
4940255,4940295,53,-
4940310,4940334,59,-
4940597,4940614,52,-
4943430,4943465,67,+
4945949,4945986,59,+
4950391,4950426,65,-
4951127,4951158,60,-
4951166,4951184,49,+
4954063,4954096,48,+
4954395,4954430,58,+
4955447,4955466,47,-
4955705,4955730,67,-
4956915,4956941,56,+
4960382,4960412,70,-
4962113,4962135,49,-
4964275,4964292,52,-
4965154,4965195,51,-
4965606,4965632,56,-
4967443,4967464,49,-
4967672,4967696,58,-
4968624,4968646,61,-
4969354,4969383,98,-
4969575,4969592,52,-
4969624,4969655,67,-
4970902,4970950,48,-
4970967,4971000,47,+
4971302,4971325,59,+
4971438,4971467,98,-
4971647,4971680,74,-
4971722,4971742,51,+
4971993,4972030,58,-
4972037,4972071,92,+
4972110,4972134,104,-
4972182,4972212,71,-
4972625,4972654,64,-
4972835,4972865,66,-
4972889,4972922,61,-
4975455,4975488,62,-
4976037,4976054,50,-
4976542,4976567,57,-
4977909,4977934,47,-
4978483,4978518,65,-
4984816,4984833,50,-
4986929,4986967,96,-
4987033,4987059,85,-
4987182,4987207,68,-
4988090,4988118,54,+
4988410,4988448,73,-
4988995,4989020,57,+
4989608,4989637,98,-
4991655,4991673,49,-
4992488,4992513,57,-
4992877,4992903,66,-
4993441,4993476,62,+
4994300,4994325,67,-
4994673,4994710,54,-
4995205,4995246,57,+
4995723,4995749,56,-
4996101,4996125,58,-
4996159,4996184,57,-
4996516,4996536,64,-
4999056,4999097,53,+
5000557,5000588,51,+
5000991,5001020,52,+
5005188,5005216,54,-
5006749,5006771,89,-
5006974,5007002,68,-
5007984,5008006,72,-
5008079,5008111,64,-
5010938,5010965,58,+
5012066,5012104,55,-
5012728,5012776,49,+
5014419,5014453,59,-
5015336,5015374,55,-
5020650,5020666,52,-
5020882,5020916,58,-
5021059,5021093,61,-
5023541,5023562,63,-
5025207,5025228,49,-
5026903,5026935,61,-
5027291,5027337,52,+
5028917,5028942,57,+
5029159,5029179,48,-
5030434,5030453,49,+
5031798,5031816,67,+
5033525,5033548,63,-
5035094,5035114,47,+
5040501,5040520,49,+
5041939,5041962,50,-
5044309,5044332,49,-
5047292,5047318,56,+
5047700,5047731,67,-
5047766,5047799,62,-
5052582,5052605,60,-
5053453,5053495,57,-
5054614,5054647,58,-
5055108,5055134,55,-
5056117,5056142,66,-
5058069,5058108,73,+
5063887,5063908,52,+
5064001,5064028,58,-
5069562,5069591,98,+
5071984,5072028,52,+
5073307,5073336,58,+
5073460,5073481,48,+
5075560,5075582,62,-
5075674,5075695,52,+
5078258,5078293,50,-
5078333,5078365,52,-
5079222,5079257,58,-
5079409,5079449,54,-
5082459,5082478,47,-
5083901,5083921,49,-
5084727,5084747,49,+
5085437,5085456,47,-
5085835,5085858,60,-
5085963,5085986,60,+
5088170,5088200,51,+
5088973,5088996,48,-
5089069,5089089,47,+
5089376,5089411,61,-
5093364,5093379,53,-
5093763,5093788,47,-
5094377,5094417,58,-
5097132,5097162,51,-
5097322,5097351,67,-
5097632,5097664,59,+
5097715,5097732,69,+
5097789,5097807,67,-
5098162,5098195,74,+
5098375,5098404,98,+
5098561,5098596,92,-
5098608,5098627,49,-
5101798,5101820,61,-
5103798,5103829,54,+
5108938,5108959,49,-
5108972,5109005,48,+
5109624,5109651,71,+
5114064,5114083,66,+
5114133,5114179,107,-
5114302,5114342,57,+
5114821,5114854,65,-
5116913,5116939,69,+
5119009,5119029,47,-
5119245,5119276,95,+
5120673,5120697,48,+
5120943,5120980,59,+
5121107,5121130,49,-
5121718,5121743,47,-
5123882,5123901,49,+
5124707,5124753,50,-
5128671,5128696,67,-
5128707,5128744,54,-
5129069,5129094,67,-
5129182,5129206,86,+
5129488,5129528,53,+
5129553,5129574,63,+
5129651,5129675,59,+
5130530,5130554,48,+
5131036,5131057,49,-
5131133,5131161,64,-
5131734,5131773,55,-
5133107,5133126,49,-
5134848,5134865,69,-
5135779,5135804,57,-
5136615,5136647,59,+
5140002,5140045,54,-
5144776,5144799,60,-
5147781,5147799,49,-
5148416,5148438,48,-
5149165,5149204,55,+
5150373,5150399,69,-
5152923,5152941,50,-
5152959,5152979,49,+
5153886,5153913,67,-
5154756,5154786,51,+
5156186,5156219,62,-
5158192,5158211,47,+
5158735,5158775,54,-
5161306,5161338,67,+
5161374,5161403,98,-
5163103,5163123,52,+
5163213,5163240,55,-
5163291,5163307,53,-
5163379,5163398,49,-
5164479,5164501,61,-
5168883,5168900,69,-
5169484,5169517,47,+
5169524,5169546,48,-
5170316,5170341,57,-
5171932,5171956,69,-
5173265,5173297,49,-
5174008,5174033,47,+
5174051,5174084,64,+
5176629,5176646,50,+
5176683,5176706,60,+
5176750,5176775,69,+
5179289,5179308,47,-
5179950,5179969,66,-
5183461,5183479,51,-
5184674,5184706,65,-
5185313,5185342,98,+
5185591,5185612,52,-
5185797,5185816,49,-
5188613,5188630,69,-
5189536,5189576,98,-
5189872,5189893,48,-
5192102,5192125,60,+
5194640,5194658,50,+
5195095,5195113,49,+
5195213,5195246,52,-
5197618,5197653,61,-
5203026,5203045,66,-
5203133,5203160,65,-
5203913,5203946,94,-
5207052,5207084,65,-
5207829,5207851,51,-
5207886,5207902,52,-
5208658,5208677,47,+
5209114,5209143,85,+
5210473,5210494,48,+
5211379,5211408,98,+
5211748,5211767,47,+
5214714,5214739,57,-
5216391,5216418,60,-
5216960,5216997,58,-
5217085,5217105,47,+
5217716,5217739,49,-
5218165,5218183,50,-
5218545,5218571,56,-
5218584,5218613,52,-
5221998,5222033,59,+
5224268,5224297,61,-
5226289,5226308,47,-
5226679,5226699,49,-
5226848,5226870,61,-
5227320,5227349,52,-
5227471,5227493,90,-
5227834,5227855,48,-
5228068,5228098,62,+
5228254,5228279,67,-
5229381,5229412,50,+
5231266,5231308,53,-
5231696,5231719,72,-
5232286,5232309,60,-
5232526,5232554,71,-
5232806,5232838,63,-
5233406,5233439,48,-
5233693,5233720,71,-
5234017,5234040,69,-
5234076,5234102,61,-
5234248,5234277,98,-
5234578,5234605,55,+
5240867,5240888,49,-
5241242,5241261,47,+
5242633,5242661,83,-
5244297,5244321,69,-
5244361,5244391,65,-
5245201,5245217,52,+
5245228,5245251,60,+
5246158,5246190,80,+
5246320,5246353,107,-
5246449,5246469,47,-
5249375,5249399,76,-
5249703,5249724,63,-
5250328,5250350,49,-
5250654,5250672,50,-
5250683,5250707,48,-
5254148,5254176,88,-
5254241,5254264,50,-
5255584,5255601,69,+
5255874,5255893,47,-
5256943,5256968,57,-
5257303,5257338,47,-
5257883,5257913,65,-
5258300,5258321,62,-
5258536,5258554,50,-
5259284,5259313,98,+
5261204,5261233,98,+
5262669,5262705,58,+
5263097,5263120,49,-
5264522,5264554,47,-
5265682,5265702,47,-
5266307,5266339,58,-
5267756,5267780,71,-
5267825,5267854,52,+
5269233,5269257,59,-
5272830,5272847,69,+
5277315,5277344,82,-
5278341,5278365,48,-
5279179,5279216,69,+
5279720,5279749,54,+
5279839,5279863,59,-
5279942,5279973,65,+
5279980,5280014,60,-
5280614,5280639,67,-
5280667,5280709,57,-
5282240,5282263,48,+
5283801,5283826,57,-
5285950,5285981,50,-
5287003,5287023,48,-
5287773,5287794,49,-
5288077,5288107,51,-
5288166,5288195,86,-
5289086,5289103,50,-
5290141,5290161,47,+
5290175,5290200,47,-
5290270,5290288,50,-
5292014,5292035,81,-
5294002,5294022,64,-
5294923,5294953,62,-
5296836,5296878,49,-
5297020,5297037,52,+
5301988,5302004,52,+
5302187,5302222,56,-
5302281,5302307,56,-
5304113,5304151,58,-
5307255,5307283,53,-
5316149,5316192,52,-
5316971,5316995,59,-
5317308,5317341,48,-
5320853,5320884,51,+
5320927,5320956,98,-
5322948,5322978,111,-
5323442,5323481,58,-
5323754,5323773,49,-
5324489,5324508,49,-
5327377,5327397,48,+
5328986,5329004,50,-
5329950,5329980,60,-
5332010,5332042,67,+
5332603,5332624,48,-
5333982,5334004,51,-
5334142,5334160,50,-
5334672,5334693,63,-
5335091,5335110,47,-
5336158,5336183,67,+
5337060,5337093,52,+
5338128,5338161,48,+
5338525,5338556,63,-
5339219,5339236,50,-
5339632,5339665,97,-
5339791,5339820,98,-
5340189,5340227,55,+
5341338,5341387,85,-
5341393,5341422,71,+
5341434,5341462,64,-
5341602,5341643,49,-
5341735,5341778,53,-
5342106,5342137,63,-
5342335,5342368,65,+
5342446,5342465,47,-
5342968,5342990,48,+
5343756,5343775,47,-
5344334,5344352,49,+
5345069,5345088,49,-
5345522,5345552,64,+
5346551,5346573,51,-
5347277,5347301,59,-
5347903,5347922,49,-
5348954,5348983,54,+
5349081,5349105,67,-
5350689,5350712,70,-
5351261,5351281,48,-
5351299,5351323,59,+
5353472,5353496,63,-
5354003,5354022,66,-
5354614,5354636,61,-
5357636,5357660,61,-
5360870,5360895,57,-
5361664,5361686,61,+
5362750,5362784,80,-
5362917,5362952,57,-
5364748,5364789,55,-
5364870,5364899,98,-
5364978,5364997,66,+
5365227,5365257,51,+
5365762,5365781,47,-
5365799,5365824,47,+
5365918,5365936,51,-
5365959,5365980,48,+
5366990,5367026,57,+
5370364,5370383,66,-
5370454,5370472,67,+
5370529,5370563,92,-
5370985,5371015,66,+
5371326,5371354,63,-
5371957,5371981,59,-
5372789,5372827,59,-
5373501,5373526,47,+
5375104,5375131,55,+
5375908,5375933,57,-
5376836,5376857,63,-
5378769,5378790,48,+
5378913,5378941,54,+
5378999,5379034,65,+
5380773,5380801,54,+
5380901,5380925,59,+
5380959,5380982,60,+
5381097,5381123,56,+
5381595,5381640,47,+
5382041,5382069,54,-
5384037,5384060,61,-
5384934,5384959,57,-
5385957,5385992,59,-
5386135,5386172,51,-
5388110,5388137,55,+
5388930,5388946,53,+
5391344,5391369,47,+
5391948,5391994,52,+
5393847,5393880,58,-
5395464,5395508,54,-
5396603,5396646,67,-
5396770,5396787,50,-
5399356,5399393,55,+
5399510,5399536,56,-
5399822,5399854,65,-
5400062,5400099,58,-
5400445,5400482,73,-
5402840,5402880,58,-
5403590,5403615,57,+
5404261,5404284,89,-
5405381,5405402,63,+
5405626,5405646,47,-
5407598,5407619,48,+
5409470,5409507,58,-
5412130,5412163,60,-
5413900,5413939,71,+
5415981,5416017,48,+
5416763,5416800,47,+
5418638,5418660,61,+
5421237,5421262,57,+
5423664,5423693,98,+
5425566,5425598,62,-
5426012,5426058,48,-
5427597,5427618,51,+
5429148,5429170,61,-
5433367,5433392,68,-
5437340,5437358,49,+
5439696,5439720,59,-
5440057,5440087,67,-
5441603,5441635,58,-
5441726,5441754,80,+
5442746,5442776,64,-
5444311,5444331,64,-
5444377,5444407,51,-
5446328,5446357,52,-
5447466,5447488,61,-
5448256,5448273,50,+
5449811,5449835,86,+
5451123,5451142,49,-
5451360,5451378,49,-
5453240,5453271,51,-
5455214,5455231,52,-
5455356,5455373,52,+
5456832,5456851,47,-
5458767,5458796,52,-
5459215,5459247,49,+
5460751,5460784,59,+
5463176,5463204,54,+
5463736,5463768,63,-
5464345,5464384,58,-
5466575,5466598,48,-
5467154,5467188,51,-
5469240,5469258,49,-
5469525,5469556,64,-
5470211,5470230,49,+
5471397,5471436,55,-
5471459,5471485,56,+
5471607,5471639,47,-
5471720,5471749,98,-
5471928,5471961,74,-
5472003,5472025,51,+
5472316,5472345,82,+
5472390,5472407,69,-
5472461,5472490,54,-
5474155,5474190,58,+
5474327,5474354,55,+
5474571,5474596,57,+
5477051,5477078,58,+
5477799,5477816,52,+
5482207,5482236,98,+
5482596,5482621,47,-
5483240,5483271,65,-
5486862,5486904,57,+
5488201,5488221,49,-
5488447,5488468,51,-
5493519,5493557,55,+
5493565,5493587,72,-
5494700,5494734,75,+
5495372,5495413,52,+
5496376,5496407,51,+
5496670,5496709,51,+
5497712,5497746,76,-
5498906,5498939,64,+
5499091,5499117,56,-
5499119,5499147,63,-
5499802,5499821,47,+
5500625,5500653,65,+
5500855,5500884,98,-
5500988,5501016,63,+
5502452,5502470,49,-
5503099,5503121,61,+
5503427,5503462,62,-
5503603,5503619,52,-
5503958,5503988,63,-
5506388,5506425,47,-
5506504,5506535,112,-
5506667,5506687,64,-
5507343,5507373,51,-
5509872,5509892,48,-
5510325,5510345,64,-
5512404,5512433,51,-
5515115,5515148,58,+
5516632,5516652,47,+
5516744,5516764,47,-
5517004,5517034,55,-
5517167,5517186,66,-
5517875,5517902,55,-
5518159,5518202,49,+
5519819,5519842,60,+
5521737,5521760,60,-
5521865,5521887,61,+
5522043,5522069,56,-
5522398,5522414,52,-
5522534,5522566,92,+
5522541,5522569,54,-
5523722,5523762,57,-
5523842,5523884,52,-
5525650,5525670,51,-
5526109,5526138,52,-
5528298,5528329,49,-
5529813,5529841,54,-
5530005,5530034,52,-
5530099,5530136,54,-
5530404,5530429,57,+
5531113,5531139,56,-
5532027,5532065,55,+
5534452,5534470,49,-
5535567,5535597,51,-
5537284,5537324,51,-
5539180,5539219,55,+
5542225,5542252,55,-
5546594,5546619,47,+
5548588,5548607,51,-
5549738,5549780,55,-
5549913,5549934,48,-
5550610,5550628,50,-
5550762,5550783,51,-
5550873,5550907,99,-
5550996,5551024,54,-
5551412,5551432,49,+
5555829,5555848,47,-
5555901,5555948,48,-
5559527,5559558,60,-
5560070,5560095,57,-
5560105,5560131,64,-
5563169,5563190,49,+
5563613,5563637,48,-
5566898,5566932,50,+
5567129,5567155,55,-
5568252,5568272,48,-
5569214,5569252,57,-
5570040,5570078,58,-
5571572,5571601,60,+
5573978,5573997,47,-
5574263,5574293,51,+
5576443,5576474,55,+
5576691,5576717,72,-
5578825,5578851,68,-
5581396,5581419,49,-
5581658,5581680,48,-
5581855,5581886,52,-
5581909,5581929,49,+
5582686,5582707,62,-
5582926,5582959,61,+
5583563,5583595,62,+
5584114,5584140,73,-
5584511,5584537,56,-
5585230,5585266,71,+
5589858,5589881,60,+
5591421,5591445,48,-
5592791,5592809,50,-
5594785,5594816,112,+
5594845,5594885,51,-
5596506,5596526,48,-
5596617,5596637,64,-
5597324,5597365,51,-
5597611,5597649,55,-
5598124,5598155,50,+
5598290,5598315,68,+
5600999,5601020,48,-
5601934,5601958,48,-
5602973,5602999,101,-
5603537,5603564,61,-
5604786,5604812,56,+
5605757,5605786,52,-
5607415,5607436,49,-
5610648,5610681,47,+
5610998,5611021,60,-
5611099,5611122,48,+
5613078,5613095,52,-
5615011,5615033,61,+
5616835,5616866,62,-
5622760,5622788,54,-
5622890,5622915,57,+
5623093,5623132,57,-
5623155,5623172,52,-
5626398,5626437,61,-
5626601,5626644,55,+
5627871,5627902,59,-
5629871,5629897,56,-
5630226,5630244,49,+
5632524,5632550,66,-
5632582,5632611,65,-
5632938,5632959,62,-
5633233,5633253,49,-
5633346,5633382,55,-
5635232,5635262,51,-
5635385,5635418,52,+
5635440,5635484,53,-
5635928,5635953,58,+
5639099,5639118,47,-
5639788,5639805,50,-
5641033,5641055,61,-
5641132,5641167,59,+
5642923,5642947,59,+
5648282,5648312,68,-
5649579,5649601,48,-
5649825,5649860,61,-
5650131,5650150,66,+
5650638,5650668,70,-
5651882,5651901,49,+
5654056,5654073,50,-
5655969,5656013,48,-
5657151,5657181,51,-
5657892,5657928,58,+
5658336,5658365,80,-
