start,end,score,strand
1645,1665,48,-
2043,2074,65,-
3378,3414,57,+
3550,3586,61,+
6427,6467,55,-
6538,6567,52,-
6619,6653,74,+
6707,6727,47,-
8728,8773,53,-
10629,10648,49,-
12020,12046,56,-
12505,12530,47,+
14095,14127,94,-
15746,15773,68,+
15991,16019,65,+
16891,16930,57,+
17608,17633,47,-
18133,18167,79,-
18309,18338,52,-
18482,18509,69,+
19374,19407,48,+
19877,19909,48,+
20139,20170,65,+
20301,20330,82,-
20892,20923,57,+
21861,21891,67,+
22768,22800,49,-
23187,23214,55,+
25554,25597,52,-
25599,25642,47,+
25689,25726,55,+
25958,25995,53,-
26078,26116,57,+
26264,26292,54,-
26548,26578,60,-
26866,26902,59,+
27611,27640,98,-
31882,31900,50,-
34826,34863,57,-
34927,34960,94,-
36598,36633,71,+
39176,39196,49,+
39230,39254,48,-
39364,39385,63,+
40568,40590,90,-
40623,40653,68,-
40863,40884,62,-
41074,41106,59,-
43595,43635,54,-
44159,44187,54,+
45426,45466,52,-
45539,45572,48,-
50470,50513,54,+
50617,50650,64,-
50694,50725,65,+
50840,50865,57,+
51411,51432,49,+
52082,52112,70,-
52290,52316,56,+
54595,54638,53,-
60248,60283,62,-
60587,60622,54,+
61218,61248,51,+
61594,61616,72,-
63235,63267,62,+
65269,65302,64,-
65999,66034,74,+
66406,66448,50,-
67289,67308,47,+
68878,68917,53,-
69114,69149,55,+
69214,69251,58,+
69476,69507,55,-
69620,69652,78,+
69924,69958,60,+
70388,70415,65,-
70616,70641,57,+
70756,70784,99,+
71299,71319,51,+
72680,72726,52,+
72958,72981,50,+
73424,73441,52,+
73520,73540,47,+
74095,74134,57,+
75980,75998,67,-
77825,77856,65,-
78410,78449,54,-
81225,81256,55,-
81720,81748,54,-
81859,81889,51,-
81983,82011,65,-
82217,82241,59,+
82251,82280,52,-
82553,82582,67,+
82750,82781,49,-
83019,83045,56,-
83107,83135,66,+
83993,84019,56,+
84470,84490,64,+
85293,85308,72,+
86854,86874,48,-
95365,95397,109,-
96006,96025,47,+
97004,97021,69,-
97488,97505,50,+
101828,101859,54,-
102005,102024,49,+
104364,104390,70,+
105135,105161,58,-
106407,106436,98,+
106462,106491,54,-
107440,107485,64,+
107474,107507,50,-
108171,108208,55,+
108467,108501,61,+
108929,108959,51,+
109422,109447,57,+
110321,110349,63,+
110675,110713,53,-
113691,113724,101,+
113929,113962,48,+
114053,114092,86,+
114596,114628,64,+
114735,114769,51,+
115293,115317,48,-
116185,116210,57,-
117466,117496,51,-
118186,118217,106,-
118660,118677,50,+
118972,118989,50,-
119441,119474,48,-
119843,119864,62,+
121333,121362,83,+
122988,123006,50,-
123820,123862,57,-
123943,123966,60,+
124353,124382,98,-
124916,124939,49,-
125203,125230,55,+
125247,125285,71,+
125861,125882,48,+
126236,126265,52,+
126381,126411,55,+
127498,127527,60,+
128983,129006,60,+
129427,129445,50,+
129469,129495,56,+
129556,129582,56,+
129597,129634,47,+
131797,131833,58,-
132076,132118,48,+
132304,132325,63,-
132515,132546,78,+
137854,137892,57,-
138384,138414,51,+
139357,139381,59,+
141548,141582,65,+
147139,147162,60,-
148554,148581,53,-
148737,148767,60,+
148922,148951,52,+
151083,151101,52,+
154917,154955,55,-
155248,155291,69,+
160017,160050,64,-
161084,161107,61,-
165125,165165,53,+
165216,165244,54,-
165995,166027,49,-
166507,166536,65,+
172499,172535,59,+
175346,175368,48,+
176314,176336,48,-
176380,176403,60,-
176411,176435,71,+
176545,176572,68,+
177532,177564,62,+
178900,178919,47,+
179724,179754,54,+
180195,180234,86,-
180892,180935,50,+
181759,181782,48,+
182423,182443,47,+
184862,184890,54,+
185124,185162,57,+
190165,190197,65,-
191775,191794,51,-
191961,191979,49,+
192295,192332,53,-
194976,195011,67,-
196754,196784,51,-
198122,198148,56,-
199084,199106,61,+
199235,199268,64,-
199504,199529,57,+
200628,200646,50,-
202790,202826,52,-
203833,203850,50,+
204489,204514,58,+
208274,208315,49,-
209076,209111,55,-
209444,209481,58,-
209936,209959,60,-
210771,210799,65,+
211308,211340,54,+
212923,212945,61,-
213194,213217,72,+
213306,213330,69,-
213458,213479,72,-
213711,213735,69,-
217010,217038,54,-
218301,218329,71,+
219548,219583,55,+
221675,221695,47,+
221796,221832,53,+
222035,222054,66,+
222105,222129,48,-
222187,222206,49,+
222421,222443,49,-
222500,222530,62,+
222743,222759,52,+
223185,223211,56,+
224169,224187,50,+
224416,224442,69,+
224990,225023,48,+
226697,226727,57,+
229864,229886,62,+
232133,232173,129,+
232184,232206,97,+
234156,234201,47,-
236800,236822,51,-
236906,236944,57,-
240193,240219,68,-
240990,241017,55,-
241849,241870,48,+
244001,244032,64,-
246356,246389,64,+
247999,248024,72,-
248094,248138,52,+
249133,249158,57,-
249411,249435,59,+
250553,250573,49,+
250885,250913,54,-
251560,251592,70,+
252440,252479,51,-
252890,252913,71,+
252980,253012,49,+
254105,254139,56,+
256100,256118,50,-
256815,256841,73,+
257427,257461,51,+
258983,259013,65,-
261108,261128,48,-
262227,262245,49,+
262821,262857,76,+
264440,264479,69,+
264795,264822,55,-
265108,265134,56,-
266275,266313,53,-
268464,268490,68,+
268491,268511,64,-
268749,268769,47,+
269822,269852,66,+
271366,271386,51,-
272786,272820,48,+
277279,277306,71,-
277495,277521,56,+
279393,279412,49,-
279699,279739,50,-
280270,280299,63,-
281042,281062,47,-
282122,282146,58,+
282554,282578,48,-
282683,282720,47,-
282773,282792,47,+
282825,282866,53,-
284035,284054,47,-
284248,284283,64,-
284663,284690,55,+
285662,285685,48,-
286455,286485,66,-
288011,288038,66,-
288445,288470,47,-
289317,289348,60,-
289383,289412,80,+
290553,290575,61,+
291067,291099,57,-
291208,291232,58,+
292790,292823,60,-
293546,293565,47,-
293967,294004,57,-
295329,295353,59,-
296971,297005,61,+
297026,297063,56,-
297707,297747,51,+
298192,298231,86,+
298687,298723,59,-
300434,300463,63,-
300470,300501,76,+
300612,300628,70,+
302824,302848,59,+
302917,302949,54,-
304124,304151,55,-
304757,304774,50,+
307076,307120,47,+
307607,307639,49,+
309604,309645,53,-
309664,309704,55,+
311580,311625,53,+
311969,312006,59,-
316588,316629,53,-
316790,316821,51,+
318162,318193,55,-
318366,318394,52,+
319246,319279,48,-
319976,320009,48,-
323703,323728,47,-
327737,327757,48,+
328124,328143,49,+
328163,328198,78,+
331750,331766,52,+
335346,335379,51,+
335868,335888,64,-
335961,335989,71,+
337020,337043,50,-
337239,337270,67,+
338114,338131,50,+
338901,338942,52,+
340232,340252,48,+
340473,340519,49,-
340762,340790,52,-
341141,341178,54,-
341199,341227,63,-
343313,343353,98,-
345667,345710,49,-
347067,347090,60,-
347198,347227,52,+
347844,347887,47,-
349715,349740,47,+
352270,352306,56,-
352550,352584,58,-
355466,355499,58,+
356507,356536,54,+
356746,356775,52,+
356951,356984,61,+
357234,357258,59,-
359536,359564,54,+
360720,360749,63,-
367869,367895,56,+
368397,368417,49,+
369201,369241,53,-
369381,369403,79,+
371972,372005,76,+
374762,374795,60,+
377177,377213,55,+
378384,378417,51,+
379303,379321,51,+
379413,379431,50,+
379717,379740,49,+
379988,380012,59,-
380701,380743,48,-
382824,382844,54,-
382987,383018,50,-
383609,383627,51,+
385182,385212,68,+
385263,385290,71,-
385369,385400,51,-
386207,386226,52,-
386937,386966,52,+
389963,389995,63,+
390776,390809,68,-
391080,391107,71,+
391231,391253,61,+
391409,391449,58,-
391965,391984,47,+
392341,392373,61,+
397158,397183,57,+
397208,397234,56,-
397792,397815,60,+
398111,398138,55,+
398179,398211,65,+
398763,398780,69,+
398807,398827,64,+
400330,400375,88,+
400425,400455,59,+
400642,400673,62,-
402452,402494,50,+
403181,403208,55,-
403314,403333,66,+
403338,403361,60,+
405116,405139,60,-
406002,406024,48,+
407133,407173,55,+
407265,407291,63,-
407811,407838,65,-
408144,408164,47,+
412386,412409,50,+
412427,412457,51,-
413253,413296,50,-
413966,413984,52,+
414260,414289,52,+
414434,414465,67,-
414573,414602,80,-
415574,415611,90,+
416981,417004,60,-
417461,417483,48,+
417508,417527,66,+
417751,417770,51,-
418580,418614,50,-
423237,423270,56,+
424095,424125,65,+
427645,427682,51,-
427892,427931,54,-
428303,428323,51,+
428714,428749,74,+
430131,430154,60,+
430288,430321,47,+
430934,430951,50,-
431282,431308,56,+
432388,432414,56,+
433377,433394,50,+
435493,435516,60,-
435535,435557,49,-
436710,436739,62,-
438247,438276,52,+
441861,441895,59,-
446810,446849,57,-
447317,447353,48,-
448795,448819,59,-
451801,451837,58,+
455742,455766,48,-
460117,460150,48,+
460360,460383,61,+
461937,461978,55,+
462091,462136,47,-
462146,462192,50,+
463107,463142,50,+
464341,464366,57,+
465091,465110,47,+
465517,465540,60,+
466348,466371,49,+
466538,466583,53,-
467799,467819,64,-
468838,468855,69,+
469010,469032,48,+
470907,470932,57,+
471053,471091,58,-
473640,473677,58,-
476733,476755,51,+
477564,477583,49,+
478177,478202,104,+
479112,479143,50,+
479169,479198,98,+
480065,480088,49,-
485260,485289,57,-
485756,485785,52,+
487060,487091,65,+
487556,487577,48,-
487961,487996,64,-
494796,494834,55,-
495141,495159,50,+
496265,496281,52,+
497250,497281,59,-
497544,497578,59,-
498832,498879,47,+
499048,499079,59,-
501025,501053,54,+
503647,503675,68,-
504259,504283,58,+
504305,504324,47,+
505220,505237,50,-
505464,505509,48,+
505568,505602,64,-
506062,506091,52,-
506981,507019,50,+
507314,507338,59,-
508722,508771,58,+
509489,509525,56,+
512099,512128,65,+
513544,513566,49,+
513655,513673,49,+
513913,513947,62,+
514651,514693,57,+
514935,514971,57,+
515064,515090,70,+
516775,516812,58,+
517051,517071,47,+
519045,519076,65,+
519141,519162,63,+
519208,519230,61,+
520735,520751,70,+
521497,521523,56,+
521963,522003,51,+
522766,522807,52,+
523066,523109,52,-
524334,524376,54,+
527122,527145,78,+
527183,527221,86,+
528640,528659,66,-
528991,529017,56,+
533268,533293,57,+
535323,535342,47,+
535512,535532,47,+
535592,535624,48,-
535685,535711,56,+
536389,536420,65,+
536865,536897,60,+
538427,538450,60,+
539083,539103,64,+
539290,539323,48,+
539487,539514,55,+
544051,544076,57,-
550459,550489,51,-
552087,552114,69,+
554728,554746,50,+
554793,554834,51,-
555989,556016,63,+
560619,560641,61,+
562899,562916,50,+
564055,564079,71,+
565851,565896,48,+
570511,570528,52,-
571376,571399,48,-
573451,573484,62,+
573630,573653,70,+
573690,573717,55,-
573762,573787,47,+
574841,574867,58,+
577458,577498,55,+
577520,577543,60,+
577559,577592,62,-
577791,577823,105,+
578395,578413,49,+
579200,579218,50,-
581447,581465,49,+
583581,583614,80,+
583652,583673,63,+
585395,585413,67,+
586408,586428,64,-
590075,590101,56,+
590112,590145,59,+
590179,590219,48,+
590689,590718,52,-
591479,591501,61,+
591528,591556,65,-
591650,591681,51,+
593828,593865,58,-
594798,594837,50,-
594993,595025,76,-
595158,595191,48,+
598178,598198,48,-
599108,599133,57,-
599628,599656,54,-
599864,599890,56,+
601309,601328,47,-
601440,601471,48,+
601832,601855,49,-
601895,601926,60,+
602175,602197,48,-
602215,602238,61,+
604039,604066,69,-
604417,604441,48,-
604970,604997,100,-
605400,605432,76,+
608154,608175,63,-
613393,613414,52,+
615002,615025,61,+
618159,618198,54,+
618820,618857,58,+
620447,620466,49,+
621519,621549,79,+
622054,622075,63,+
622226,622250,59,-
623438,623455,50,-
626415,626448,70,-
628148,628175,83,+
629028,629062,64,+
629831,629851,64,+
630120,630150,52,+
631287,631325,54,+
631513,631543,82,+
633192,633224,49,+
633421,633440,49,+
634324,634357,61,+
634753,634785,49,+
634970,635007,99,+
635140,635168,53,+
635681,635704,48,+
636314,636337,49,+
636392,636416,59,-
636863,636894,61,+
637094,637125,49,-
642865,642884,47,+
643800,643830,51,-
645842,645885,52,-
646984,647015,65,+
647829,647859,70,+
649295,649315,64,-
649631,649657,56,-
651230,651266,59,+
656558,656592,74,+
656752,656773,63,+
657762,657784,61,+
658204,658241,59,+
659149,659182,60,+
659408,659445,53,-
660510,660533,60,+
661522,661569,49,-
661794,661826,49,-
662394,662434,70,-
662652,662670,50,+
664770,664791,63,-
668018,668053,54,+
668637,668668,95,+
670266,670286,48,+
670895,670914,47,-
674288,674306,67,+
675002,675029,55,+
676437,676474,55,+
676885,676902,50,-
676973,676991,50,+
678478,678508,55,+
678608,678629,48,+
678680,678702,48,+
678781,678810,52,-
681953,681992,52,-
683800,683819,47,+
686101,686124,50,+
687692,687730,96,-
687916,687941,66,-
692274,692298,59,+
692780,692798,49,-
692847,692874,55,-
693631,693668,58,+
693808,693847,55,+
693965,693991,56,-
694418,694444,67,-
695558,695587,52,+
698931,698967,61,+
699077,699108,79,+
704709,704735,72,+
704854,704873,49,-
704988,705008,48,-
705849,705888,57,-
706477,706518,53,+
708464,708503,57,+
710867,710896,52,+
711363,711391,83,+
713316,713345,65,-
713592,713624,61,+
713682,713696,73,-
713747,713766,51,+
713984,714032,47,+
714180,714207,66,+
714497,714525,61,-
715189,715231,50,+
716995,717013,50,+
719255,719286,76,-
721843,721868,58,-
722093,722122,63,-
722276,722303,70,+
722433,722476,49,-
722560,722589,63,+
722998,723032,62,+
727815,727839,59,-
729941,729982,51,+
730915,730933,50,+
731267,731287,64,+
732980,733006,56,+
733131,733178,50,-
733431,733475,49,-
736201,736226,57,-
736628,736667,57,+
738121,738138,50,+
738159,738180,49,-
740856,740876,49,+
742057,742080,60,-
745421,745449,57,+
747746,747771,57,+
747903,747928,57,+
748018,748056,58,-
751296,751316,49,+
751725,751752,55,+
756359,756387,54,+
757823,757856,61,+
759132,759173,53,+
759684,759707,48,+
759834,759863,52,+
759949,759988,53,-
760315,760346,62,+
760787,760811,48,-
761564,761602,70,+
762296,762323,68,+
763835,763862,71,+
766460,766500,53,+
767941,767982,57,-
768339,768363,59,-
769462,769501,55,-
769795,769823,54,-
772405,772449,77,+
773194,773212,51,+
774074,774112,61,+
776184,776219,58,+
776282,776298,52,+
776381,776402,48,+
777462,777489,55,+
779615,779656,53,+
781861,781889,63,+
782105,782137,70,+
782859,782900,53,+
784412,784443,51,+
784854,784875,63,+
784929,784957,85,+
786349,786374,57,+
787066,787085,47,+
787696,787711,53,+
791200,791225,69,-
794397,794438,53,-
795080,795101,51,+
795133,795154,64,+
795199,795230,59,-
795429,795462,59,-
795496,795518,49,-
797867,797896,98,-
798740,798766,85,+
798820,798840,47,-
799110,799141,50,-
801192,801211,66,+
804643,804682,55,+
804828,804855,55,+
805013,805038,56,-
805064,805096,60,+
806749,806786,58,+
809329,809348,47,+
809913,809948,55,+
810928,810947,47,+
811457,811485,54,+
812017,812043,56,+
812698,812725,55,+
813913,813941,54,+
820613,820635,48,-
820657,820676,47,-
821677,821712,59,-
821824,821845,63,-
822227,822258,60,+
822351,822380,60,-
823083,823118,59,+
823644,823667,60,+
825093,825130,59,+
826483,826500,50,+
828433,828462,98,-
830409,830437,54,-
830867,830897,80,+
832658,832690,54,+
833371,833416,48,-
833674,833705,50,+
834015,834048,48,+
834743,834772,58,+
834869,834898,52,+
835262,835293,57,+
836112,836144,66,-
836447,836479,97,-
837041,837059,50,-
837086,837120,59,+
837762,837783,48,+
838160,838190,97,+
838285,838314,98,+
838682,838711,98,-
838781,838815,79,-
839173,839204,50,-
839822,839849,69,-
840219,840239,49,-
840343,840384,70,-
840778,840813,60,+
841721,841747,56,+
841818,841851,79,+
842060,842091,67,+
842411,842441,96,+
842454,842496,70,-
843059,843085,56,-
843127,843145,50,-
843850,843886,62,-
843931,843951,64,-
844066,844090,69,-
844778,844809,52,+
845043,845070,55,-
845164,845193,79,-
845584,845616,49,-
845834,845864,79,+
845938,845970,59,+
846052,846069,50,+
846087,846110,60,-
846107,846135,54,+
846156,846181,47,-
846779,846812,58,-
846909,846942,62,-
847212,847228,52,-
848209,848257,92,+
848306,848335,98,-
849281,849311,51,+
849816,849831,72,+
850017,850044,53,+
850645,850677,65,-
851198,851231,61,+
853068,853098,63,+
854419,854450,60,+
856352,856386,56,-
858310,858331,49,-
859650,859686,61,+
859793,859822,66,+
860130,860151,48,+
860984,861025,52,+
862286,862316,66,-
863381,863418,56,-
865092,865120,58,+
866436,866468,51,+
866800,866826,66,-
869536,869556,49,+
869975,870001,70,+
870481,870508,55,-
870596,870626,77,-
870732,870750,67,-
870936,870970,62,+
872951,872984,48,-
874039,874070,60,+
874089,874112,48,+
874755,874775,47,-
876337,876375,61,+
881418,881456,58,-
882676,882710,62,+
884242,884272,51,+
884551,884571,47,+
885302,885327,69,+
886593,886634,52,-
888899,888935,65,+
891985,892007,91,+
892335,892372,58,-
892603,892634,62,-
895040,895068,54,+
896123,896145,61,+
896867,896889,48,-
900696,900733,54,-
900742,900778,59,+
901035,901077,57,-
901762,901792,55,-
902681,902718,58,+
904142,904173,51,+
907482,907513,65,-
913630,913650,49,+
914905,914928,50,+
914969,914993,69,+
915231,915253,49,+
915641,915659,50,+
916657,916685,54,+
920566,920601,47,-
925581,925610,62,+
925701,925730,54,-
929035,929069,65,+
935395,935427,59,+
935513,935536,49,+
941135,941179,49,+
943464,943493,52,+
943602,943634,49,+
943795,943821,66,+
945417,945442,57,+
948034,948063,98,+
948963,948998,78,+
951544,951563,65,+
951673,951700,55,-
953560,953594,64,+
954011,954049,55,-
954184,954211,55,+
954841,954883,69,+
955420,955452,49,+
956292,956326,51,-
957424,957447,50,-
958375,958393,67,+
961192,961226,74,-
962186,962215,69,+
962406,962453,48,+
965115,965140,71,+
965611,965633,48,+
967580,967603,60,+
969990,970034,54,+
971568,971607,54,+
972473,972493,47,-
973734,973762,69,+
973773,973804,65,-
974806,974828,49,+
975030,975055,57,+
977722,977756,62,+
978258,978284,56,-
980587,980610,60,+
981958,981997,55,-
984009,984050,58,+
986589,986612,48,+
988285,988316,50,+
988579,988611,68,+
992209,992246,64,-
992315,992332,50,+
992494,992520,66,+
992923,992958,74,-
993067,993087,48,+
993149,993171,61,+
993344,993378,62,+
995322,995361,57,-
995555,995579,59,-
995720,995739,66,+
996236,996262,55,+
997501,997534,78,-
998666,998696,60,+
999140,999170,60,+
999374,999412,58,-
999401,999437,47,+
999934,999960,56,-
1000280,1000301,64,-
1000837,1000857,51,+
1001568,1001591,48,-
1002238,1002275,70,+
1002646,1002678,50,+
1004022,1004045,60,-
1005154,1005191,62,+
1005198,1005225,100,+
1006443,1006466,48,+
1006656,1006689,80,+
1007343,1007373,85,+
1007664,1007683,49,+
1008007,1008041,51,-
1008129,1008154,57,-
1008382,1008409,55,-
1008568,1008592,59,-
1009288,1009326,68,-
1010375,1010405,80,+
1010450,1010487,75,-
1010561,1010599,61,+
1010743,1010768,57,+
1011062,1011085,50,-
1011210,1011233,60,+
1011480,1011503,72,+
1012474,1012515,55,-
1013390,1013422,49,+
1014055,1014087,52,-
1014231,1014250,47,-
1016957,1016988,66,+
1019669,1019692,50,-
1023128,1023150,61,-
1023756,1023779,49,+
1024305,1024326,51,+
1025326,1025359,48,+
1025405,1025422,52,+
1028043,1028060,52,+
1028181,1028209,65,-
1029299,1029325,56,-
1029434,1029453,47,+
1030890,1030923,47,-
1030931,1030974,67,+
1034548,1034575,68,+
1034785,1034821,76,+
1035220,1035246,55,-
1036792,1036814,48,-
1038302,1038338,62,+
1039183,1039212,67,+
1039224,1039255,61,+
1040179,1040204,47,-
1041550,1041583,48,-
1050014,1050038,48,+
1051962,1051992,62,+
1052860,1052884,59,-
1053191,1053220,65,-
1054484,1054504,49,+
1057903,1057930,55,-
1061338,1061363,47,-
1061402,1061428,56,+
1062156,1062178,61,+
1063373,1063412,57,+
1068856,1068893,58,+
1068970,1069007,62,+
1069231,1069251,49,-
1072650,1072676,56,-
1074286,1074303,52,-
1074995,1075018,49,-
1077408,1077426,52,+
1079964,1079991,55,-
1082951,1082985,64,-
1083740,1083763,60,-
1084152,1084184,50,-
1085732,1085751,47,+
1086650,1086675,57,+
1087060,1087095,59,-
1088185,1088224,54,+
1088529,1088557,54,+
1089120,1089166,87,+
1089215,1089255,57,+
1089558,1089587,54,+
1090120,1090151,78,-
1090174,1090196,61,-
1090921,1090953,66,-
1094053,1094091,62,+
1094949,1094972,60,+
1094984,1095022,74,+
1095961,1095993,63,+
1096689,1096708,66,+
1096860,1096898,99,+
1098210,1098252,50,+
1098310,1098356,50,+
1100366,1100388,51,+
1101119,1101145,66,+
1102364,1102397,58,-
1103003,1103032,63,+
1104549,1104580,55,+
1105502,1105529,61,+
1106324,1106368,50,+
1107673,1107696,61,+
1107707,1107725,67,+
1107864,1107887,48,+
1108636,1108663,57,+
1108703,1108729,55,-
1108841,1108874,59,+
1110775,1110804,68,-
1112133,1112154,48,+
1112483,1112507,48,-
1114076,1114103,55,+
1114832,1114855,48,+
1115007,1115043,54,-
1115103,1115147,52,+
1115238,1115274,58,+
1115918,1115945,66,+
1116312,1116340,54,+
1116493,1116535,69,-
1117238,1117270,56,-
1118872,1118901,79,+
1119839,1119861,48,+
1122705,1122729,63,+
1123061,1123085,59,-
1125621,1125635,73,-
1126884,1126902,49,+
1127000,1127026,56,-
1127041,1127065,61,+
1127260,1127290,51,+
1128338,1128371,48,+
1129793,1129815,61,+
1132098,1132133,56,-
1134272,1134300,68,+
1135904,1135943,57,+
1137007,1137056,48,+
1137689,1137715,129,-
1139269,1139292,48,+
1139761,1139787,56,+
1140712,1140735,49,+
1141509,1141546,62,+
1142034,1142077,48,+
1143912,1143937,60,+
1143950,1143975,68,+
1143995,1144037,53,-
1144957,1145001,52,+
1146391,1146410,49,+
1147642,1147665,49,+
1148112,1148148,58,+
1150716,1150754,57,+
1151143,1151178,71,+
1152241,1152270,51,-
1152889,1152910,49,-
1155181,1155220,55,+
1157008,1157040,49,-
1158734,1158750,70,+
1159338,1159367,68,+
1159428,1159448,48,+
1160271,1160306,57,+
1161926,1161957,82,+
1167434,1167475,55,+
1170435,1170464,52,+
1173189,1173226,61,-
1173500,1173529,63,-
1174317,1174337,82,+
1175220,1175249,98,-
1178400,1178419,47,+
1179440,1179459,47,+
1179577,1179607,64,+
1180293,1180320,55,+
1182527,1182551,59,-
1183216,1183235,47,-
1185685,1185720,47,+
1186262,1186293,84,+
1187810,1187834,48,-
1188257,1188282,56,+
1188305,1188335,67,-
1190374,1190407,52,+
1191312,1191344,106,+
1191532,1191579,63,+
1192286,1192327,57,+
1192977,1193010,58,-
1193526,1193551,47,+
1193650,1193682,49,-
1193738,1193755,50,+
1195293,1195318,47,+
1197015,1197042,63,-
1197338,1197372,60,+
1197417,1197451,60,+
1199056,1199086,51,-
1199554,1199582,65,-
1200327,1200362,58,+
1200928,1200956,54,+
1204664,1204679,72,+
1207662,1207692,59,-
1209177,1209197,64,-
1210297,1210320,48,-
1211786,1211824,112,+
1211855,1211901,52,+
1212418,1212447,98,+
1212572,1212606,60,-
1213415,1213434,47,-
1213607,1213651,52,-
1214567,1214609,54,-
1217117,1217145,63,+
1218976,1219007,59,-
1220394,1220416,97,-
1220427,1220458,84,-
1221557,1221591,61,+
1221762,1221794,59,+
1222980,1223021,50,+
1223128,1223158,57,+
1224018,1224039,48,+
1224067,1224092,47,-
1224455,1224478,48,-
1227523,1227551,80,+
1228618,1228635,50,+
1229462,1229478,52,+
1229509,1229534,57,+
1229608,1229647,61,+
1230321,1230352,60,+
1232148,1232171,60,+
1232672,1232697,57,+
1233472,1233492,64,+
1240984,1241005,48,+
1244275,1244304,52,+
1247190,1247214,48,-
1247904,1247932,53,-
1248059,1248077,49,+
1248637,1248657,47,+
1250947,1250977,51,+
1252342,1252359,50,-
1255788,1255803,53,+
1259410,1259442,49,+
1263588,1263616,69,+
1264661,1264682,63,+
1267161,1267192,54,-
1267278,1267307,57,+
1270165,1270195,67,+
1271609,1271641,52,+
1273512,1273533,48,+
1274794,1274813,66,+
1275386,1275402,52,+
1276737,1276757,48,-
1278205,1278225,64,+
1283684,1283707,48,-
1284238,1284265,55,+
1287522,1287540,52,+
1288240,1288269,63,+
1289859,1289878,47,+
1292392,1292413,63,-
1293815,1293845,63,+
1294719,1294752,79,-
1295081,1295121,48,+
1295718,1295760,50,-
1297042,1297066,76,+
1301505,1301531,56,-
1303949,1303984,59,-
1304708,1304748,55,-
1304796,1304821,69,+
1305873,1305903,62,+
1307025,1307056,67,-
1312408,1312428,48,+
1318220,1318240,64,+
1318249,1318266,50,-
1318438,1318463,61,+
1318652,1318671,49,+
1318920,1318948,54,-
1320031,1320064,47,+
1324109,1324150,54,-
1325113,1325143,61,+
1325307,1325338,55,+
1327318,1327341,78,+
1327388,1327419,65,+
1327666,1327687,62,+
1329603,1329627,58,+
1341164,1341194,65,+
1341260,1341304,53,+
1341617,1341651,58,+
1345946,1345978,65,+
1346361,1346389,54,+
1348802,1348822,64,+
1353947,1353968,73,-
1354156,1354187,59,-
1354778,1354806,55,+
1355114,1355153,51,-
1355553,1355573,49,+
1355856,1355879,48,-
1356571,1356590,47,+
1358114,1358136,48,-
1358236,1358267,61,-
1358460,1358480,48,+
1358860,1358892,49,-
1360075,1360115,53,-
1361001,1361025,48,+
1361369,1361401,49,+
1362777,1362812,74,-
1365486,1365525,86,+
1365903,1365932,98,-
1369829,1369858,52,-
1370991,1371024,62,-
1377929,1377951,51,-
1378097,1378131,58,+
1381086,1381106,51,+
1381147,1381182,59,+
1381467,1381486,49,+
1388623,1388646,60,-
1391606,1391628,61,-
1392901,1392917,52,+
1394221,1394239,49,-
1395361,1395388,55,+
1396915,1396950,52,+
1397064,1397094,51,+
1402164,1402193,52,+
1403235,1403260,56,+
1403678,1403711,62,+
1411651,1411670,49,+
1412232,1412259,55,+
1413974,1413998,58,+
1416160,1416196,61,+
1417047,1417078,50,+
1423553,1423582,52,+
1426520,1426556,75,+
1430659,1430675,52,+
1431891,1431922,62,-
1432866,1432887,48,+
1438480,1438507,55,+
1441858,1441881,49,+
1445717,1445747,51,+
1450121,1450158,74,+
1451986,1452004,67,+
1458343,1458369,56,+
1459728,1459747,66,-
1463782,1463804,61,+
1464390,1464431,50,-
1465129,1465168,57,+
1465759,1465800,53,+
1471215,1471242,55,-
1471489,1471511,61,-
1471520,1471553,62,-
1478952,1478984,48,+
1489494,1489526,47,+
1491930,1491949,47,+
1492303,1492332,52,+
1497707,1497742,61,-
1497973,1498000,68,+
1498404,1498449,52,+
1499996,1500018,49,-
1503776,1503801,75,+
1507967,1507985,49,+
1509728,1509767,57,-
1511236,1511259,60,+
1514817,1514840,60,-
1521880,1521902,48,+
1523864,1523887,49,+
1528948,1528972,63,-
1532719,1532755,58,+
1536662,1536692,60,+
1537453,1537473,47,-
1543815,1543845,54,+
1547228,1547274,47,+
1549292,1549311,47,-
1550389,1550412,48,-
1551131,1551162,50,-
1553327,1553359,51,-
1555980,1556015,54,-
1559987,1560028,52,+
1562910,1562943,52,-
1568990,1569009,51,+
1569121,1569156,59,-
1574820,1574844,48,-
1578662,1578680,67,+
1580376,1580400,59,-
1586147,1586181,48,-
1591099,1591133,56,-
1594185,1594219,47,-
1600700,1600726,56,+
1601626,1601641,53,+
1603050,1603068,49,-
1608805,1608848,53,+
1610087,1610127,50,-
1615902,1615941,55,+
1621158,1621187,55,+
1625160,1625200,49,-
1629292,1629318,91,+
1632751,1632780,70,+
1632826,1632847,73,+
1633102,1633134,82,-
1633155,1633177,61,-
1633232,1633269,53,+
1635234,1635271,58,+
1636220,1636248,58,+
1638143,1638164,49,+
1639409,1639440,60,+
1641452,1641470,49,-
1642256,1642282,56,+
1642771,1642803,49,-
1643008,1643054,52,+
1643146,1643172,56,-
1644872,1644910,51,-
1645598,1645620,48,+
1646855,1646896,49,+
1647834,1647874,59,-
1648709,1648728,49,-
1650381,1650403,48,+
1651665,1651704,54,+
1654797,1654830,48,+
1660544,1660577,48,+
1662476,1662502,71,+
1663271,1663299,54,+
1664697,1664727,57,+
1664880,1664901,53,-
1665349,1665377,54,-
1666291,1666321,80,+
1666694,1666724,57,-
1667111,1667126,72,+
1667854,1667883,52,-
1668106,1668131,57,+
1670152,1670177,69,+
1676945,1676976,70,+
1680066,1680106,71,+
1680506,1680528,61,+
1680558,1680587,52,+
1682741,1682769,54,-
1683009,1683026,52,-
1685132,1685155,50,+
1687876,1687899,60,-
1691036,1691072,59,-
1691630,1691656,55,+
1694140,1694179,57,+
1698266,1698286,49,+
1700641,1700667,56,+
1701717,1701755,56,+
1702642,1702679,70,+
1704052,1704086,58,+
1704461,1704497,55,-
1705147,1705185,55,+
1705571,1705589,49,+
1705751,1705783,59,+
1705902,1705924,51,+
1706372,1706395,60,-
1710368,1710387,49,+
1714035,1714066,52,+
1715078,1715117,55,-
1715990,1716009,49,+
1716041,1716060,47,-
1717207,1717228,48,+
1718451,1718482,50,+
1719629,1719658,66,+
1725756,1725782,55,-
1726255,1726293,56,+
1727519,1727557,57,+
1727683,1727724,97,+
1728031,1728051,47,+
1729028,1729053,57,+
1729359,1729388,52,+
1729761,1729785,48,+
1729831,1729859,66,+
1730882,1730901,49,+
1730981,1731004,60,-
1731749,1731774,57,+
1731842,1731889,49,+
1732505,1732535,57,+
1736809,1736833,48,+
1742034,1742071,55,+
1743893,1743937,50,-
1744064,1744092,54,-
1745292,1745323,50,-
1745885,1745914,52,+
1746922,1746949,58,-
1750072,1750106,63,-
1751294,1751318,58,-
1751952,1751976,48,+
1752794,1752828,58,+
1753563,1753599,57,-
1757328,1757349,49,-
1757945,1757970,57,+
1761227,1761263,61,+
1761868,1761892,59,+
1763119,1763143,59,+
1763298,1763326,66,-
1764380,1764421,50,+
1764943,1764972,52,+
1767389,1767419,51,-
1768125,1768172,47,+
1769879,1769912,61,+
1770846,1770873,55,+
1771235,1771262,55,+
1771775,1771794,47,-
1771819,1771845,56,+
1772210,1772246,53,+
1772396,1772437,57,+
1773645,1773672,81,+
1776089,1776129,55,+
1778896,1778918,48,+
1779405,1779437,49,+
1781708,1781746,53,+
1783284,1783314,60,+
1783686,1783718,50,+
1784430,1784459,100,+
1788224,1788269,49,+
1789504,1789533,52,+
1790087,1790113,58,+
1792760,1792796,58,+
1792837,1792875,54,+
1792891,1792917,56,-
1793410,1793444,58,+
1794290,1794306,52,-
1795194,1795215,63,-
1796115,1796135,64,+
1797484,1797509,69,+
1798075,1798109,55,+
1798161,1798205,53,-
1798829,1798860,67,-
1799059,1799082,89,+
1799110,1799139,68,-
1799591,1799628,100,+
1799629,1799658,52,-
1799784,1799821,58,+
1800355,1800386,65,-
1800660,1800692,105,+
1801069,1801098,98,-
1803064,1803088,89,+
1803269,1803295,56,+
1806668,1806702,62,+
1809128,1809156,54,+
1809696,1809728,49,-
1812434,1812477,54,+
1813449,1813476,60,+
1813684,1813728,52,+
1814911,1814945,58,-
1819933,1819952,49,+
1823502,1823522,64,+
1827099,1827119,64,-
1832870,1832900,70,+
1836777,1836795,50,-
1839325,1839348,48,+
1844062,1844079,50,+
1845721,1845766,48,-
1852102,1852141,55,+
1856755,1856783,55,+
1868619,1868649,63,+
1869039,1869069,60,+
1875173,1875214,55,+
1876926,1876954,54,-
1879178,1879204,71,+
1880061,1880088,63,-
1880765,1880809,52,-
1881080,1881105,47,+
1882002,1882035,48,-
1884737,1884768,50,-
1885445,1885468,60,+
1887694,1887714,47,+
1889533,1889551,49,+
1890777,1890806,54,+
1900108,1900136,52,-
1901485,1901524,58,+
1904747,1904765,51,-
1911279,1911307,54,-
1921962,1921994,48,-
1922272,1922303,49,+
1926857,1926880,60,+
1929414,1929457,91,+
1930745,1930784,86,-
1930883,1930912,52,+
1931224,1931249,69,-
1934617,1934637,49,-
1934978,1934998,47,-
1935925,1935942,69,-
1936119,1936155,58,-
1936318,1936339,48,-
1936437,1936470,62,-
1937177,1937201,59,-
1939333,1939352,66,-
1939841,1939886,52,+
1941039,1941066,71,-
1942327,1942356,52,+
1944118,1944155,59,-
1945305,1945324,47,-
1945550,1945579,65,-
1950755,1950798,48,+
1952696,1952723,55,+
1953584,1953609,47,+
1954229,1954275,49,-
1955709,1955732,60,+
1955908,1955931,48,-
1962051,1962083,65,-
1962900,1962923,49,-
1966175,1966194,47,-
1966581,1966612,63,-
1969078,1969096,67,-
1971107,1971146,55,+
1974779,1974815,61,-
1977045,1977065,64,-
1979491,1979525,60,-
1980062,1980082,49,-
1981779,1981809,79,+
1983028,1983054,56,-
1983241,1983261,64,-
1986804,1986841,64,-
1989741,1989768,71,-
1991914,1991952,55,-
1992047,1992076,52,+
1992106,1992134,63,-
1993424,1993455,51,-
1997705,1997738,65,-
1997921,1997963,52,-
1998304,1998331,55,-
2000219,2000248,63,+
2006666,2006690,48,+
2007173,2007202,57,-
2007842,2007860,49,+
2009150,2009173,48,+
2015283,2015308,57,+
2015591,2015620,69,+
2018116,2018137,49,-
2018211,2018246,59,-
2019616,2019639,48,+
2020360,2020394,58,+
2020655,2020679,59,+
2021936,2021978,55,+
2022227,2022247,47,-
2022653,2022682,54,-
2025467,2025494,55,-
2026988,2027012,76,-
2027213,2027245,57,-
2027337,2027365,68,-
2029063,2029090,55,-
2029568,2029609,49,-
2030110,2030130,48,-
2031166,2031209,55,-
2031567,2031588,48,+
2032702,2032741,58,-
2034251,2034277,56,+
2034666,2034685,49,-
2036366,2036391,47,+
2039740,2039771,50,+
2040018,2040059,57,-
2043052,2043081,52,+
2043351,2043384,58,+
2045291,2045329,56,-
2046702,2046733,60,-
2048165,2048205,59,-
2049459,2049478,49,-
2050152,2050189,56,+
2052192,2052215,60,-
2054254,2054272,50,-
2054809,2054842,62,-
2054936,2054957,51,+
2056955,2056985,51,-
2057747,2057781,47,-
2059452,2059478,56,+
2070698,2070731,56,+
2072532,2072553,49,-
2074224,2074256,49,-
2075693,2075714,48,-
2077386,2077417,57,-
2081311,2081356,47,-
2086911,2086943,52,-
2089015,2089039,59,+
2090536,2090555,66,-
2091412,2091444,65,+
2091500,2091525,47,-
2092769,2092789,47,-
2096434,2096458,59,+
2096579,2096614,57,-
2098237,2098261,48,-
2099815,2099834,49,-
2104790,2104827,56,-
2107062,2107079,52,-
2108149,2108169,47,-
2108590,2108623,80,-
2108986,2109016,54,-
2111643,2111685,53,-
2112678,2112719,49,-
2116377,2116394,50,+
2116884,2116904,64,+
2119632,2119652,64,-
2119713,2119749,54,+
2120814,2120847,48,+
2124335,2124356,63,-
2124524,2124556,49,+
2127824,2127844,49,+
2128873,2128905,59,-
2138628,2138660,65,+
2141812,2141834,61,+
2144759,2144788,52,+
2149317,2149347,51,-
2152314,2152344,104,-
2156135,2156159,59,+
2157245,2157263,49,-
2158898,2158927,52,-
2162575,2162611,57,-
2164418,2164449,50,+
2164524,2164547,60,-
2171175,2171197,49,+
2171577,2171610,48,+
2177654,2177684,51,-
2177988,2178011,49,-
2181585,2181615,68,+
2181812,2181835,48,-
2183334,2183360,56,-
2185831,2185865,62,-
2189001,2189023,48,+
2192741,2192773,62,-
2193828,2193853,47,+
2197590,2197611,64,+
2197643,2197673,51,-
2199199,2199231,65,-
2199299,2199325,68,+
2199412,2199443,50,+
2200865,2200884,47,-
2201774,2201795,63,-
2202892,2202917,57,-
2203630,2203669,86,-
2204045,2204068,60,-
2205033,2205063,63,-
2207074,2207105,62,-
2207211,2207237,56,-
2207354,2207388,59,-
2207691,2207726,90,-
2209150,2209168,51,-
2211008,2211046,61,-
2211930,2211961,67,-
2212109,2212136,89,-
2212211,2212253,50,-
2212356,2212384,71,-
2213573,2213606,48,+
2214303,2214322,47,-
2215634,2215659,86,-
2216167,2216199,59,+
2217065,2217090,57,-
2218108,2218135,55,+
2218345,2218376,51,-
2219854,2219876,61,-
2219969,2219995,56,-
2220021,2220040,49,-
2221113,2221138,47,-
2222518,2222548,51,+
2222823,2222854,50,+
2225134,2225158,48,-
2225422,2225450,71,-
2225856,2225886,51,+
2225943,2225986,50,+
2225995,2226014,66,-
2227353,2227369,52,+
2227435,2227456,63,-
2228821,2228851,57,-
2230151,2230173,48,-
2231773,2231818,47,+
2233473,2233519,52,+
2236584,2236609,57,+
2237940,2237975,58,+
2239401,2239443,53,+
2240012,2240045,63,-
2242655,2242681,55,+
2242899,2242936,53,-
2245468,2245501,62,-
2246444,2246490,52,+
2249340,2249383,50,+
2252121,2252141,48,-
2252679,2252715,59,+
2253148,2253176,55,+
2256371,2256402,60,+
2256438,2256471,62,+
2256588,2256618,68,+
2256806,2256826,47,+
2260377,2260396,66,+
2260758,2260781,60,-
2268304,2268339,61,-
2268664,2268688,59,-
2273170,2273192,61,-
2274226,2274244,51,+
2274713,2274760,47,-
2274798,2274822,59,+
2276124,2276161,58,+
2276262,2276284,61,-
2280842,2280869,55,+
2281311,2281344,59,-
2284055,2284076,63,+
2284115,2284136,52,+
2284648,2284691,50,-
2285468,2285488,48,-
2285632,2285661,52,-
2289433,2289465,49,-
2289874,2289892,67,-
2290380,2290412,66,-
2296085,2296128,50,-
2296794,2296814,47,-
2298474,2298496,61,-
2298606,2298627,48,-
2299337,2299355,49,-
2304237,2304257,51,-
2304546,2304577,51,+
2306856,2306899,53,-
2307421,2307447,56,-
2307600,2307628,63,-
2307762,2307790,57,+
2308831,2308863,47,-
2309580,2309602,49,-
2309745,2309773,54,+
2310375,2310399,48,-
2311926,2311973,50,-
2312967,2312993,58,+
2314175,2314209,48,-
2316052,2316080,54,-
2316289,2316311,61,-
2316747,2316765,51,-
2318966,2318999,51,-
2322353,2322383,52,+
2325579,2325609,63,-
2326480,2326504,59,-
2328322,2328341,49,-
2328923,2328943,47,-
2331156,2331177,48,-
2332280,2332320,48,+
2333351,2333370,66,-
2335368,2335398,77,-
2336292,2336311,66,-
2336394,2336412,50,-
2337039,2337078,58,+
2337769,2337789,48,-
2344341,2344365,48,+
2344539,2344580,50,-
2350355,2350375,64,-
2352873,2352907,60,-
2356326,2356342,70,-
2356709,2356739,57,-
2361719,2361739,49,-
2362370,2362403,76,+
2362650,2362684,56,-
2365494,2365517,60,+
2365584,2365603,66,-
2366256,2366280,48,+
2368874,2368904,51,+
2369445,2369486,54,-
2373150,2373187,54,-
2376538,2376570,49,-
2379434,2379462,57,-
2382449,2382477,63,-
2383855,2383872,50,-
2385119,2385157,54,-
2387087,2387128,58,-
2388250,2388282,63,-
2388317,2388342,47,+
2388971,2388990,47,-
2389212,2389236,59,+
2390784,2390826,53,-
2391921,2391955,50,+
2392528,2392556,52,-
2393232,2393271,52,+
2399206,2399239,48,+
2399884,2399910,66,-
2402295,2402317,61,+
2403632,2403668,54,+
2404046,2404079,48,-
2404859,2404891,63,+
2405213,2405252,86,-
2405597,2405635,57,+
2405814,2405834,47,-
2406083,2406120,58,-
2406436,2406455,51,+
2407033,2407063,96,+
2407138,2407168,60,+
2407715,2407741,56,+
2410374,2410395,51,+
2412955,2412992,57,+
2413032,2413068,58,+
2413502,2413538,48,+
2414021,2414044,50,+
2414776,2414796,48,-
2416786,2416806,64,+
2417412,2417438,56,+
2417636,2417656,64,+
2420610,2420655,49,-
2421320,2421355,59,-
2421362,2421392,82,-
2421436,2421465,65,-
2422906,2422937,62,-
2424393,2424439,52,-
2426406,2426443,62,+
2426683,2426717,50,+
2429314,2429359,50,+
2430631,2430654,60,-
2430937,2430968,50,-
2434067,2434095,54,-
2434620,2434647,55,+
2435395,2435434,55,-
2435663,2435685,48,+
2436058,2436094,58,+
2437768,2437798,51,-
2438447,2438478,60,-
2439958,2439977,47,+
2442360,2442378,49,-
2443303,2443333,68,-
2445203,2445229,56,-
2445235,2445270,61,-
2450055,2450079,59,+
2451608,2451648,53,-
2451906,2451928,61,-
2452018,2452044,112,-
2452049,2452086,55,-
2452361,2452380,49,+
2452578,2452599,49,+
2453070,2453093,60,+
2454420,2454459,55,+
2457150,2457182,66,+
2457314,2457333,47,-
2457425,2457451,56,+
2458289,2458315,61,-
2459341,2459365,59,-
2462395,2462430,64,-
2464694,2464711,69,+
2465053,2465079,56,+
2471646,2471681,61,-
2472974,2472994,47,-
2473490,2473521,65,+
2474420,2474455,61,+
2478720,2478752,49,+
2479063,2479109,48,+
2481931,2481955,61,-
2482640,2482661,52,+
2484488,2484503,53,-
2485227,2485246,47,-
2485312,2485336,59,-
2486228,2486258,51,-
2490009,2490031,51,-
2490867,2490913,48,+
2493003,2493035,80,-
2493565,2493597,59,-
2494307,2494323,52,-
2496904,2496923,49,-
2498732,2498753,49,-
2499127,2499157,51,+
2499551,2499584,48,+
2500469,2500506,60,+
2500522,2500551,98,-
2505539,2505568,52,-
2505680,2505709,52,-
2507271,2507295,48,-
2508593,2508628,47,+
2509105,2509125,47,+
2510006,2510045,53,-
2510739,2510761,48,-
2510842,2510873,50,-
2511312,2511358,108,-
2513711,2513738,66,-
2516369,2516388,66,-
2516520,2516545,57,-
2516888,2516918,51,-
2517417,2517435,67,-
2517957,2518002,48,-
2518020,2518056,48,-
2519211,2519247,57,+
2521542,2521560,50,-
2522834,2522871,58,-
2523948,2523972,71,-
2524367,2524390,60,-
2525363,2525392,63,-
2527720,2527738,49,-
2528919,2528945,56,-
2529422,2529453,50,-
2529618,2529641,61,-
2529752,2529772,51,-
2536486,2536518,76,-
2536753,2536773,49,+
2536924,2536961,88,+
2537594,2537623,52,-
2538703,2538729,68,-
2543284,2543321,58,-
2543894,2543934,53,+
2546912,2546944,58,-
2548498,2548530,64,-
2551292,2551319,55,+
2554714,2554740,56,+
2555546,2555571,57,+
2559065,2559095,59,-
2559824,2559859,59,-
2559909,2559927,49,-
2560180,2560226,48,-
2560335,2560367,60,-
2563827,2563850,60,+
2563950,2563970,49,+
2565852,2565872,49,-
2567973,2568012,55,-
2569811,2569837,56,-
2569897,2569925,65,-
2571407,2571429,72,-
2571615,2571644,63,-
2572491,2572523,54,+
2576109,2576148,54,+
2581251,2581280,52,-
2581349,2581367,50,-
2583039,2583070,65,-
2583554,2583594,59,-
2584316,2584335,47,-
2584382,2584414,49,-
2585233,2585261,55,+
2587967,2587987,47,-
2589666,2589702,55,-
2589817,2589834,50,-
2590521,2590545,48,-
2593956,2593976,47,-
2597817,2597844,85,+
2600027,2600061,56,-
2600432,2600470,57,-
2603053,2603089,76,-
2604649,2604685,59,+
2606353,2606382,52,-
2606786,2606814,71,+
2608830,2608874,52,-
2614103,2614128,63,+
2614314,2614334,64,+
2615441,2615458,50,+
2615834,2615878,48,-
2620813,2620844,51,-
2621206,2621240,59,-
2621480,2621523,52,-
2622964,2622998,58,+
2623774,2623806,68,-
2624559,2624583,63,-
2625026,2625050,59,-
2627431,2627461,51,-
2627497,2627523,56,-
2627776,2627809,63,-
2628493,2628518,58,-
2630186,2630213,55,+
2630262,2630280,49,+
2630530,2630560,66,-
2630679,2630707,54,+
2630959,2630994,59,-
2631492,2631512,64,-
2631821,2631854,47,-
2632432,2632461,98,+
2632532,2632555,60,-
2633404,2633445,86,-
2637160,2637180,51,-
2637481,2637500,49,-
2639317,2639344,65,-
2642073,2642102,68,-
2642183,2642207,48,+
2642249,2642284,62,+
2642299,2642330,66,+
2642547,2642573,67,+
2643690,2643716,56,+
2643845,2643878,67,-
2643960,2643989,52,+
2644399,2644434,59,-
2644750,2644780,52,-
2644938,2644974,59,+
2647414,2647448,59,-
2647462,2647485,60,+
2647582,2647618,58,-
2648329,2648368,55,-
2649996,2650027,62,-
2650536,2650558,61,-
2650782,2650822,50,-
2651515,2651541,61,+
2651551,2651581,64,-
2651791,2651827,57,-
2651910,2651930,47,+
2652851,2652877,66,-
2653265,2653295,49,-
2654430,2654460,51,-
2660244,2660267,49,+
2663345,2663374,51,-
2664667,2664687,47,+
2664952,2664977,57,-
2665534,2665557,49,-
2665856,2665876,64,-
2667603,2667633,51,+
2667720,2667753,62,-
2675493,2675529,47,+
2682169,2682191,61,-
2684003,2684036,47,-
2685231,2685259,69,-
2685627,2685650,71,+
2687243,2687278,61,-
2688622,2688657,50,+
2695386,2695416,67,-
2702985,2703022,54,+
2704339,2704384,49,+
2706185,2706228,47,+
2707877,2707910,62,+
2708260,2708280,47,+
2712233,2712270,54,-
2713260,2713301,58,-
2714851,2714883,49,-
2715182,2715220,74,-
2715486,2715520,62,+
2722278,2722299,52,+
2730154,2730188,47,+
2734021,2734043,51,-
2735489,2735510,63,-
2735873,2735893,64,-
2736067,2736100,58,-
2736761,2736778,50,+
2737509,2737537,54,+
2739403,2739425,51,+
2743221,2743256,50,-
2743493,2743531,57,-
2744745,2744765,47,-
2744957,2744999,47,-
2746574,2746609,58,-
2748820,2748844,69,-
2749375,2749404,60,-
2750154,2750178,48,-
2753105,2753142,59,+
2753955,2753993,73,-
2757630,2757656,56,-
2758653,2758670,50,-
2758769,2758798,52,+
2758886,2758927,51,-
2759290,2759320,70,+
2759347,2759387,52,+
2760182,2760206,60,+
2761751,2761785,62,+
2764932,2764973,54,-
2765473,2765493,51,+
2765590,2765616,56,-
2765855,2765880,58,-
2766218,2766241,50,-
2766378,2766421,52,-
2767655,2767675,47,+
2770172,2770199,55,+
2776127,2776163,58,+
2776231,2776250,47,-
2776581,2776620,52,-
2776733,2776762,52,-
2780598,2780621,60,-
2787658,2787682,60,-
2787860,2787880,65,-
2795337,2795358,48,+
2799152,2799170,49,-
2801233,2801251,49,-
2801733,2801755,49,-
2803406,2803430,48,-
2803621,2803640,66,-
2809279,2809305,68,-
2810193,2810239,47,+
2810602,2810638,58,-
2812171,2812212,48,-
2814726,2814751,47,+
2815039,2815066,55,+
2817721,2817740,47,+
2817868,2817894,56,-
2824473,2824513,71,-
2824579,2824618,50,-
2828388,2828434,50,+
2829727,2829767,51,-
2833105,2833135,79,-
2833859,2833885,56,-
2834722,2834744,48,-
2835106,2835141,61,-
2835187,2835210,60,-
2835452,2835488,65,-
2836110,2836137,55,-
2838276,2838308,67,-
2839319,2839363,50,-
2842301,2842336,56,-
2844046,2844065,49,+
2847809,2847832,63,+
2848259,2848276,69,+
2849621,2849653,62,-
2851450,2851468,51,-
2852862,2852889,55,-
2853440,2853480,55,+
2858481,2858509,55,-
2861858,2861889,57,-
2862799,2862846,50,+
2866095,2866127,60,-
2867800,2867824,48,-
2868026,2868056,51,-
2871977,2872017,52,-
2875372,2875392,64,+
2876812,2876834,61,-
2879152,2879189,51,+
2879984,2880017,48,-
2880651,2880681,51,+
2883480,2883529,76,+
2884900,2884929,67,+
2885168,2885187,49,-
2896963,2896980,52,+
2904570,2904608,59,+
2905404,2905431,66,-
2907043,2907061,51,+
2908355,2908385,141,+
2909196,2909218,61,+
2909232,2909257,58,-
2911561,2911601,53,-
2912250,2912280,51,+
2913441,2913468,55,-
2913496,2913530,63,-
2913566,2913600,55,+
2915863,2915887,59,+
2916456,2916482,56,-
2919032,2919080,48,+
2919212,2919243,50,+
2919987,2920006,47,-
2920515,2920533,51,-
2920907,2920935,54,-
2921059,2921089,65,-
2921604,2921642,55,-
2924088,2924107,47,+
2932824,2932857,64,+
2935566,2935592,56,-
2940607,2940651,94,-
2942011,2942040,52,-
2942897,2942946,48,-
2943388,2943411,60,-
2946970,2946997,55,-
2950801,2950827,56,+
2950989,2951006,50,+
2951900,2951927,68,-
2951939,2951981,53,+
2953104,2953128,59,+
2953878,2953919,58,-
2953978,2954002,59,-
2954376,2954423,48,+
2955339,2955368,52,+
2955517,2955550,63,-
2956868,2956888,64,-
2957101,2957134,51,+
2957499,2957518,49,-
2959114,2959138,76,-
2961616,2961660,90,+
2962179,2962201,49,-
2963987,2964029,57,-
2964682,2964707,57,+
2966095,2966127,52,+
2969236,2969261,47,+
2973817,2973841,58,+
2974058,2974077,49,-
2974334,2974374,59,+
2975006,2975037,68,+
2976550,2976570,47,-
2983141,2983176,61,-
2984989,2985007,67,-
2985160,2985183,48,-
2986177,2986198,48,-
2986679,2986696,69,-
2988016,2988036,64,-
2988112,2988135,60,+
2989360,2989393,68,-
2990587,2990605,49,+
2991869,2991895,56,-
2993081,2993116,62,+
2994266,2994289,49,-
2996238,2996268,62,+
2996419,2996447,64,+
2996521,2996541,49,+
2997188,2997219,62,+
2997282,2997304,64,-
2998368,2998402,63,+
3001620,3001639,66,-
3002025,3002055,66,+
3002360,3002390,57,-
3002862,3002889,68,-
3004090,3004119,57,-
3004710,3004739,98,-
3005177,3005197,64,+
3006283,3006323,51,+
3006430,3006456,73,-
3007126,3007168,50,-
3007482,3007510,58,-
3007764,3007796,50,-
3008026,3008059,59,+
3008788,3008807,47,+
3009336,3009380,54,-
3009524,3009569,47,+
3009744,3009781,58,-
3009858,3009890,48,+
3010074,3010097,48,-
3010443,3010468,57,-
3010670,3010697,53,+
3011373,3011390,52,-
3012431,3012459,54,+
3012475,3012514,61,-
3013080,3013102,48,-
3013122,3013147,57,-
3016209,3016236,55,-
3017760,3017793,52,-
3018347,3018374,55,+
3019452,3019477,47,+
3021097,3021119,62,+
3025478,3025496,50,-
3027501,3027521,47,-
3027635,3027655,49,-
3027981,3028018,102,-
3028057,3028100,50,-
3032190,3032227,58,-
3033235,3033261,70,+
3033601,3033618,50,-
3035934,3035961,55,+
3036596,3036614,50,+
3037143,3037176,52,+
3037234,3037253,49,-
3037336,3037361,47,-
3037694,3037725,66,+
3038886,3038906,49,-
3039885,3039903,67,+
3041676,3041720,53,+
3041748,3041773,69,-
3042651,3042674,48,+
3043857,3043876,47,-
3044509,3044533,48,-
3046697,3046727,62,-
3046816,3046836,47,+
3048992,3049020,63,-
3050392,3050425,47,-
3051162,3051184,62,-
3051494,3051520,56,+
3051563,3051579,70,-
3051714,3051738,48,+
3051769,3051787,51,+
3052038,3052060,61,-
3052792,3052815,60,+
3053208,3053231,49,-
3053339,3053370,62,-
3054398,3054417,47,-
3055279,3055298,47,-
3056550,3056569,47,+
3056616,3056645,67,+
3057066,3057086,64,+
3057690,3057724,60,+
3058781,3058805,59,+
3060336,3060359,50,-
3061382,3061405,60,-
3061842,3061876,62,-
3062240,3062266,72,+
3062285,3062312,55,-
3063604,3063639,58,+
3064698,3064731,80,-
3065066,3065107,50,+
3065435,3065464,52,+
3065650,3065680,63,+
3065882,3065902,49,+
3066489,3066522,52,-
3067789,3067821,80,-
3067872,3067904,64,-
3068374,3068403,63,-
3068636,3068662,56,-
3069673,3069699,56,-
3070432,3070455,60,-
3070539,3070581,53,-
3071254,3071282,69,-
3071962,3071989,55,-
3072807,3072840,55,+
3073301,3073319,67,-
3073765,3073792,55,-
3075275,3075311,47,+
3076296,3076343,47,+
3076851,3076887,65,-
3077586,3077615,52,+
3077848,3077876,58,-
3079068,3079088,47,-
3083245,3083267,49,-
3083737,3083768,50,+
3084101,3084126,47,+
3084637,3084657,64,+
3084747,3084782,78,-
3085709,3085748,57,-
3088770,3088792,48,+
3090729,3090754,47,-
3092727,3092756,98,-
3093533,3093552,49,-
3094279,3094301,51,+
3095044,3095065,63,+
3097817,3097848,51,-
3099614,3099634,47,+
3099837,3099858,51,-
3101619,3101647,66,-
3101880,3101913,67,-
3102254,3102279,47,+
3102283,3102314,62,-
3102590,3102618,54,+
3103290,3103321,70,+
3105334,3105380,48,+
3106231,3106268,53,-
3114862,3114907,48,-
3116707,3116731,48,+
3117733,3117753,47,+
3118204,3118244,53,-
3118741,3118770,52,+
3123329,3123348,47,+
3124833,3124859,56,-
3125190,3125209,49,+
3126126,3126168,51,-
3126937,3126963,60,-
3131878,3131899,48,+
3132043,3132062,49,+
3136368,3136387,47,-
3139088,3139122,79,+
3146070,3146096,55,-
3146429,3146460,62,-
3146971,3146994,60,-
3147067,3147094,55,-
3147930,3147959,52,-
3150149,3150167,50,-
3150778,3150819,53,-
3152614,3152643,51,-
3154756,3154791,54,+
3158399,3158434,60,-
3158456,3158476,49,-
3159065,3159083,50,+
3160958,3160987,52,+
3168556,3168589,48,-
3168794,3168832,59,-
3168951,3168968,52,-
3169753,3169786,79,-
3173765,3173785,48,-
3173901,3173934,64,-
3175537,3175571,51,+
3177686,3177713,53,+
3178355,3178385,51,-
3178899,3178945,52,-
3180019,3180058,61,+
3183038,3183069,83,-
3185581,3185597,70,-
3187454,3187480,66,-
3188446,3188478,49,-
3189901,3189937,58,-
3190222,3190253,63,-
3191248,3191286,90,-
3191663,3191695,59,+
3191994,3192014,49,-
3194075,3194094,47,-
3194109,3194143,59,-
3194437,3194462,68,-
3194814,3194859,52,+
3194971,3195007,58,-
3195436,3195468,49,-
3196596,3196629,61,+
3196877,3196900,49,+
3197732,3197762,67,+
3197816,3197840,59,-
3199081,3199099,49,+
3199679,3199709,51,-
3201143,3201177,92,-
3202348,3202377,52,+
3203858,3203881,49,+
3206748,3206787,58,+
3207032,3207061,52,-
3207936,3207975,95,+
3208528,3208564,76,+
3208918,3208957,86,-
3209130,3209155,67,-
3209217,3209259,50,-
3209288,3209319,50,+
3211689,3211721,49,+
3212099,3212117,49,+
3213843,3213866,60,-
3214475,3214514,55,+
3214830,3214868,53,+
3215028,3215046,49,-
3215083,3215128,47,+
3215178,3215208,66,-
3215680,3215710,62,+
3215794,3215821,55,+
3215919,3215949,65,+
3216316,3216335,66,+
3216931,3216958,68,+
3216984,3217006,61,+
3219098,3219135,102,+
3220756,3220794,54,+
3221867,3221904,57,-
3222361,3222379,49,+
3223894,3223915,48,+
3225089,3225113,76,-
3226135,3226156,48,-
3226490,3226509,49,+
3227032,3227068,62,-
3227312,3227341,52,-
3228037,3228069,63,-
3228923,3228955,54,+
3230444,3230464,47,-
3231375,3231402,55,-
3233304,3233323,47,-
3236076,3236112,47,+
3238591,3238617,68,-
3238691,3238719,65,-
3239014,3239037,60,-
3239723,3239748,57,-
3241326,3241349,48,-
3242742,3242765,48,-
3242881,3242908,66,+
3243201,3243220,47,-
3247477,3247500,60,-
3249260,3249284,59,-
3250652,3250685,62,-
3251250,3251280,54,-
3251350,3251388,56,-
3251665,3251689,48,-
3252548,3252575,66,+
3252715,3252756,55,-
3254869,3254891,61,-
3255554,3255585,67,-
3255761,3255792,50,-
3258198,3258229,60,-
3260709,3260736,55,-
3261172,3261197,57,-
3261275,3261297,61,-
3261412,3261434,61,-
3262259,3262292,52,-
3266110,3266133,60,-
3267421,3267461,56,-
3268244,3268287,50,-
3268718,3268748,62,-
3271796,3271826,51,-
3272200,3272229,52,-
3272315,3272340,56,-
3273222,3273241,66,-
3273617,3273636,49,+
3276126,3276151,57,+
3276405,3276432,55,-
3276849,3276877,71,-
3277001,3277028,55,+
3277309,3277331,48,+
3278386,3278416,67,+
3279460,3279501,48,-
3285636,3285665,63,+
3285931,3285956,47,-
3286157,3286196,69,+
3286399,3286422,60,-
3288529,3288561,65,-
3289162,3289198,58,-
3290108,3290138,63,+
3290552,3290590,50,+
3291567,3291599,47,-
3292832,3292869,55,+
3294408,3294423,53,+
3295820,3295848,82,-
3296750,3296780,51,+
3298231,3298262,60,-
3300483,3300506,50,-
3301729,3301750,62,-
3302036,3302066,68,-
3302371,3302398,71,-
3302594,3302623,61,-
3303054,3303079,47,-
3303205,3303245,52,+
3305372,3305398,56,-
3305425,3305453,64,-
3306088,3306120,57,-
3306456,3306489,62,+
3306535,3306555,64,-
3306784,3306820,59,+
3308654,3308695,49,-
3308798,3308816,51,-
3315306,3315343,58,-
3317475,3317494,47,-
3319463,3319499,75,-
3320979,3320997,51,-
3321297,3321322,93,-
3322077,3322102,57,+
3323069,3323095,56,-
3323650,3323675,57,-
3323714,3323737,60,-
3326470,3326503,62,+
3326604,3326625,48,+
3326646,3326680,91,+
3332394,3332411,52,-
3337893,3337914,48,-
3338188,3338227,86,+
3338484,3338502,49,-
3339661,3339694,62,-
3342062,3342096,63,+
3344508,3344534,68,-
3348396,3348436,58,+
3349103,3349122,47,-
3349260,3349288,54,+
3350306,3350347,49,-
3351172,3351195,59,+
3351505,3351549,47,+
3351690,3351723,58,+
3352627,3352660,70,+
3352734,3352771,54,+
3353559,3353603,47,-
3353752,3353797,50,+
3354236,3354264,53,+
3354331,3354361,51,-
3355084,3355118,56,-
3355129,3355158,68,-
3355273,3355293,47,-
3356129,3356170,53,-
3356615,3356646,60,-
3358507,3358523,70,+
3358741,3358773,64,-
3361617,3361636,47,+
3363459,3363488,98,+
3364329,3364366,53,-
3366844,3366880,55,-
3367110,3367130,64,+
3367447,3367483,58,-
3368861,3368882,49,-
3369343,3369364,63,-
3369419,3369448,66,+
3370005,3370044,57,+
3370330,3370359,98,+
3372841,3372865,59,+
3372882,3372920,59,-
3374327,3374353,55,+
3374410,3374448,57,+
3374672,3374703,55,-
3374747,3374781,63,+
3374823,3374853,63,+
3374967,3374990,60,+
3376332,3376355,49,+
3379603,3379629,56,-
3380340,3380367,69,-
3381510,3381534,69,+
3382250,3382288,58,+
3382415,3382452,59,+
3382546,3382576,51,+
3383078,3383115,61,-
3384177,3384205,68,+
3389444,3389464,48,-
3391722,3391750,71,-
3394449,3394481,63,-
3395098,3395119,81,-
3395190,3395213,49,-
3395524,3395547,49,-
3395605,3395629,69,-
3396447,3396479,49,-
3398935,3398964,108,-
3399042,3399075,57,-
3399399,3399421,51,+
3400145,3400176,48,-
3401936,3401955,49,-
3402080,3402113,59,-
3402652,3402677,58,-
3403185,3403208,50,+
3404327,3404350,60,-
3405817,3405837,48,-
3406192,3406215,49,-
3406474,3406507,52,+
3408211,3408236,57,+
3410533,3410559,69,+
3411121,3411148,55,-
3411985,3412020,59,+
3413101,3413118,69,+
3413180,3413213,62,-
3413529,3413571,91,-
3413617,3413640,60,+
3416247,3416277,51,-
3416327,3416368,55,+
3416566,3416604,59,-
3416759,3416807,49,-
3417121,3417148,55,-
3417779,3417812,52,+
3419691,3419718,55,+
3419817,3419851,56,-
3420138,3420165,55,+
3420941,3420974,56,-
3421388,3421411,48,-
3423047,3423077,65,+
3423304,3423331,55,-
3423356,3423376,49,-
3424998,3425029,59,-
3425874,3425899,88,-
3425936,3425956,47,+
3426116,3426145,80,-
3426440,3426466,56,-
3427458,3427478,47,-
3428251,3428288,59,-
3428475,3428507,49,-
3428611,3428638,66,-
3428915,3428954,54,+
3429025,3429044,47,-
3429674,3429712,58,-
3430506,3430526,64,-
3430540,3430585,53,-
3431098,3431136,51,+
3433809,3433834,47,+
3434091,3434116,57,+
3438408,3438448,57,+
3441798,3441832,59,-
3441890,3441918,71,+
3441929,3441947,49,-
3442322,3442340,49,+
3443008,3443035,55,-
3443595,3443618,60,+
3443787,3443818,52,+
3446828,3446864,55,+
3447991,3448014,60,+
3448254,3448283,52,+
3449992,3450012,64,+
3450767,3450792,47,+
3451212,3451234,61,-
3454636,3454657,63,-
3455972,3456008,54,+
3456629,3456656,88,-
3457342,3457377,64,-
3459483,3459502,49,+
3463011,3463038,71,+
3463056,3463092,59,+
3463391,3463411,47,-
3463773,3463806,62,+
3463866,3463896,66,-
3463910,3463943,48,+
3464041,3464073,105,+
3464847,3464884,57,+
3465348,3465368,48,-
3467667,3467712,53,-
3468017,3468059,57,-
3468145,3468171,63,+
3469605,3469649,52,-
3471292,3471317,57,+
3471989,3472018,61,+
3472868,3472893,57,-
3472972,3472987,72,-
3473727,3473751,59,-
3480724,3480763,61,-
3480862,3480886,59,+
3480928,3480948,64,+
3481333,3481358,57,-
3481687,3481723,76,+
3482076,3482115,86,-
3482206,3482239,48,-
3482265,3482282,50,+
3482343,3482376,62,-
3482531,3482564,47,+
3482924,3482955,50,-
3484306,3484338,49,-
3484793,3484829,55,+
3486849,3486878,52,+
3488012,3488047,100,+
3489449,3489488,55,-
3490172,3490191,49,+
3491473,3491494,48,+
3491557,3491581,69,-
3492248,3492278,59,+
3492586,3492605,47,+
3493156,3493173,50,-
3495915,3495953,70,-
3496608,3496653,48,-
3497102,3497139,55,-
3497457,3497485,58,+
3497861,3497900,50,+
3497895,3497915,64,-
3499472,3499497,56,-
3501004,3501045,53,+
3502337,3502373,76,-
3504102,3504137,61,+
3504934,3504976,55,-
3505563,3505606,53,+
3505802,3505834,61,+
3506606,3506646,49,+
3506921,3506952,62,+
3507181,3507214,48,-
3507609,3507637,65,+
3509369,3509400,77,+
3509460,3509485,47,-
3509520,3509551,49,+
3509995,3510028,48,-
3511359,3511391,58,-
3512204,3512222,49,+
3512248,3512278,65,+
3512780,3512800,54,+
3512808,3512828,47,-
3513325,3513352,55,+
3516451,3516486,55,+
3518282,3518313,50,-
3518557,3518602,62,-
3520507,3520534,55,-
3520900,3520936,55,+
3521921,3521941,64,+
3522484,3522515,55,+
3522892,3522925,51,+
3523844,3523880,59,+
3525352,3525382,51,+
3526216,3526241,58,+
3527695,3527724,63,+
3529121,3529151,66,-
3529573,3529599,57,-
3531110,3531128,50,+
3532679,3532699,47,+
3532971,3533007,48,+
3536178,3536205,55,+
3536233,3536267,51,-
3537827,3537866,49,-
3538600,3538634,62,-
3539250,3539273,49,-
3539544,3539587,50,-
3540313,3540336,69,+
3542041,3542069,55,-
3542326,3542361,62,-
3542681,3542710,106,-
3544781,3544799,50,+
3544963,3544995,49,-
3546961,3546999,57,+
3547598,3547639,52,-
3552657,3552689,63,+
3552742,3552786,49,+
3554266,3554310,49,-
3555648,3555677,52,+
3558733,3558766,59,+
3563345,3563370,57,-
3564663,3564687,58,-
3565180,3565217,54,-
3566581,3566602,48,-
3566843,3566877,65,-
3567181,3567219,59,+
3567825,3567859,59,-
3567863,3567893,51,-
3569104,3569131,55,-
3569233,3569256,50,+
3570161,3570190,70,-
3570531,3570548,52,-
3572777,3572796,49,-
3574133,3574150,52,+
3574693,3574727,58,-
3574815,3574835,47,-
3577233,3577276,54,+
3577847,3577882,107,-
3587688,3587712,61,-
3591206,3591244,56,+
3592379,3592413,61,-
3597153,3597175,48,-
3597939,3597959,64,-
3601233,3601266,64,-
3602912,3602954,55,-
3606649,3606691,54,-
3609316,3609344,52,-
3609432,3609456,59,+
3612193,3612215,51,-
3613707,3613731,59,-
3615495,3615533,58,-
3618000,3618019,49,+
3618542,3618569,65,+
3618727,3618747,64,+
3621475,3621501,56,+
3621511,3621529,49,+
3622243,3622265,49,+
3622836,3622865,52,+
3623274,3623311,57,+
3623694,3623715,51,+
3623868,3623891,60,+
3625104,3625139,58,-
3625386,3625406,48,+
3625571,3625606,56,+
3626117,3626148,63,-
3626358,3626389,50,-
3626709,3626734,71,-
3626744,3626774,51,+
3627188,3627227,57,-
3627807,3627834,66,-
3633365,3633400,54,-
3633628,3633649,49,-
3633825,3633852,68,-
3634316,3634354,61,-
3634635,3634671,55,-
3635206,3635241,56,-
3635362,3635405,53,+
3636670,3636707,57,+
3637810,3637848,55,-
3641806,3641850,48,+
3642631,3642668,55,-
3644830,3644855,57,-
3648096,3648127,50,-
3652148,3652173,56,+
3652460,3652479,47,-
3656529,3656549,49,-
3657452,3657483,95,+
3661684,3661723,87,+
3662934,3662952,51,+
3663976,3664000,59,-
3664052,3664086,62,-
3664388,3664415,68,+
3671431,3671474,68,+
3676750,3676767,52,+
3677585,3677626,57,+
3680409,3680433,69,-
3680973,3681001,63,-
3683083,3683105,48,-
3683643,3683674,60,-
3686860,3686883,49,-
3687904,3687924,64,-
3688163,3688191,65,+
3691082,3691106,48,-
3691969,3691988,66,+
3692768,3692813,50,-
3693395,3693431,56,-
3693452,3693483,60,-
3694256,3694277,63,-
3696797,3696826,54,-
3698061,3698083,48,-
3698145,3698167,61,-
3698503,3698522,52,+
3701291,3701320,98,+
3701722,3701771,48,-
3702877,3702914,53,+
3703672,3703699,55,+
3704470,3704509,57,-
3704585,3704616,50,-
3705041,3705086,48,-
3706180,3706200,47,+
3709644,3709661,52,-
3714092,3714131,55,+
3714176,3714199,69,-
3714938,3714959,49,+
3719173,3719191,51,-
3720702,3720729,63,-
3721797,3721827,60,-
3722932,3722950,49,+
3725064,3725084,48,+
3725104,3725125,48,-
3725249,3725276,55,+
3728899,3728939,51,-
3729534,3729553,47,-
3730504,3730524,47,-
3730892,3730939,89,-
3731284,3731312,63,+
3731515,3731537,48,+
3731683,3731708,57,-
3733473,3733505,52,+
3735637,3735669,49,-
3736517,3736556,58,+
3741357,3741389,49,+
3741530,3741562,61,+
3743131,3743163,65,-
3744573,3744604,50,+
3745206,3745236,51,-
3745445,3745472,55,+
3745572,3745610,57,+
3746256,3746282,56,+
3747438,3747481,54,+
3747845,3747863,67,+
3748569,3748590,63,+
3749320,3749351,51,-
3750403,3750423,47,-
3750465,3750497,82,-
3750636,3750657,63,-
3751191,3751222,48,-
3752390,3752424,65,+
3754428,3754460,54,-
3754975,3755012,59,-
3755102,3755119,50,-
3755311,3755337,56,-
3755460,3755506,50,-
3756075,3756099,86,-
3757861,3757904,55,-
3758245,3758268,63,-
3758398,3758416,50,-
3759807,3759827,49,-
3761658,3761685,86,-
3763493,3763513,51,-
3764157,3764183,56,-
3764398,3764425,68,+
3765421,3765439,50,+
3768109,3768132,60,-
3768142,3768174,49,-
3771973,3771997,67,+
3772122,3772141,49,-
3774058,3774077,47,-
3775117,3775144,55,-
3775527,3775555,54,+
3776698,3776727,58,-
3776763,3776797,62,-
3778255,3778291,48,+
3781054,3781075,63,-
3785144,3785184,57,+
3787623,3787643,64,+
3790034,3790064,65,-
3790100,3790119,66,-
3791571,3791595,48,+
3791929,3791954,75,+
3792610,3792638,99,-
3793110,3793136,55,-
3793523,3793563,49,-
3795664,3795690,56,-
3796604,3796630,64,+
3800425,3800464,53,-
3800594,3800627,48,+
3804980,3805012,49,+
3805828,3805852,91,+
3807122,3807165,50,+
3807975,3808001,55,+
3808894,3808924,66,+
3810578,3810602,60,+
3810831,3810869,53,+
3811845,3811874,52,+
3813270,3813304,61,-
3814805,3814844,57,+
3819681,3819720,55,+
3822086,3822112,66,+
3823250,3823270,49,+
3824508,3824537,63,-
3825732,3825779,47,-
3825925,3825946,48,-
3828356,3828386,51,-
3829034,3829070,70,-
3829887,3829932,47,-
3830248,3830278,63,+
3831503,3831522,56,+
3832881,3832914,48,-
3834542,3834562,47,+
3835550,3835587,57,+
3835660,3835691,55,+
3838896,3838915,47,+
3838960,3838981,51,+
3841058,3841086,54,+
3841277,3841306,52,-
3841767,3841790,50,+
3843238,3843261,60,-
3843315,3843342,55,-
3846467,3846506,55,+
3846921,3846962,54,-
3848598,3848618,64,+
3849326,3849351,57,+
3851933,3851961,60,+
3854196,3854227,82,+
3854376,3854396,49,+
3855204,3855227,60,+
3855326,3855370,52,+
3856000,3856019,47,+
3856912,3856954,53,-
3857262,3857302,55,+
3857340,3857380,49,+
3857410,3857430,64,+
3857477,3857494,69,-
3857620,3857639,49,-
3857713,3857742,79,+
3859149,3859169,49,-
3860885,3860906,92,-
3860972,3861000,63,-
3861158,3861205,50,-
3862487,3862520,52,+
3862999,3863027,54,-
