start,end,score,strand
4244,4264,64,-
6443,6461,50,+
8060,8086,83,+
8919,8944,56,-
9084,9118,47,-
9255,9291,62,-
10773,10792,49,+
12808,12826,52,-
13812,13856,53,-
15621,15649,66,-
20692,20709,50,-
21921,21955,67,-
23620,23653,59,-
28261,28295,60,+
29106,29123,52,+
35145,35184,53,-
42647,42690,52,-
43875,43901,61,+
44961,45000,59,-
45362,45410,48,-
46180,46216,48,-
49286,49302,52,-
52531,52554,60,-
54855,54877,48,-
57047,57065,52,-
57066,57087,63,+
61408,61429,48,-
62331,62364,47,-
64057,64077,49,-
64719,64746,58,-
66317,66350,48,-
67316,67352,89,+
67543,67582,54,-
67648,67683,94,-
68231,68278,47,-
68832,68854,63,-
69047,69084,58,-
71340,71360,47,+
71584,71619,88,+
71636,71669,60,-
75139,75172,76,-
75597,75622,57,-
75857,75895,73,-
75915,75935,48,-
77022,77062,52,+
79671,79700,52,+
82878,82922,49,-
83719,83756,57,+
84419,84446,55,+
86297,86332,76,+
86497,86520,50,-
86842,86887,52,-
86928,86961,67,-
87012,87037,57,-
87242,87260,50,-
89826,89858,49,-
90778,90797,51,-
93069,93101,78,+
95685,95701,52,+
95888,95924,62,-
96895,96927,65,+
98237,98262,47,+
98783,98821,53,+
99925,99970,50,-
101842,101861,47,+
104641,104662,49,+
107521,107546,69,-
107588,107624,57,+
107944,107977,68,-
110046,110071,57,+
110211,110231,47,+
111288,111320,94,+
112629,112653,48,+
113350,113398,49,+
113939,113966,53,+
114338,114361,49,+
114714,114738,59,+
114787,114817,51,+
116167,116196,52,-
122005,122025,64,+
125073,125091,50,+
126995,127021,56,+
127189,127222,59,-
128350,128367,50,+
129272,129297,58,+
130016,130045,52,-
130627,130660,65,+
130820,130839,49,-
130996,131014,49,+
131098,131128,83,+
131326,131357,59,+
132414,132433,51,+
134520,134549,52,-
137841,137868,70,-
138414,138457,65,+
139360,139384,48,+
139463,139484,48,+
140892,140927,47,-
141332,141355,60,+
144878,144908,51,+
144929,144963,64,+
145091,145129,55,+
145453,145473,49,+
145861,145880,47,+
145982,146003,48,-
146172,146198,57,+
146614,146642,63,+
150034,150062,68,+
150876,150913,59,+
153670,153699,60,+
156207,156246,57,+
159952,159972,64,+
161005,161029,59,+
161164,161207,52,+
162973,162998,102,+
167564,167582,50,+
176655,176677,61,+
177365,177407,69,+
181049,181066,50,+
183170,183189,49,+
184347,184378,65,+
184774,184805,55,-
188611,188637,73,+
190916,190944,54,+
192034,192062,54,-
192647,192679,58,-
195303,195350,49,+
197819,197850,62,+
198072,198088,53,+
198917,198944,55,+
200925,200956,50,-
201950,201974,48,+
204500,204531,57,+
206013,206031,49,+
206312,206350,54,+
207483,207507,59,+
207562,207597,56,-
208465,208494,61,+
211702,211740,54,+
212429,212457,63,+
212463,212484,51,-
213127,213153,56,+
214715,214739,59,+
217130,217174,53,+
218436,218475,53,-
223713,223737,48,+
224005,224027,51,+
225691,225710,49,+
227481,227505,48,+
228990,229012,61,+
233103,233123,47,+
237315,237334,47,-
237480,237510,79,+
237578,237597,47,+
237642,237681,61,+
240934,240973,59,+
243403,243435,64,+
247874,247896,97,-
252203,252224,64,+
255994,256024,51,+
266541,266579,57,+
270325,270367,57,+
273496,273515,66,+
276498,276528,60,+
276691,276725,108,-
281868,281909,49,+
285195,285214,47,-
285366,285383,52,+
289228,289247,49,+
289395,289416,49,-
290431,290464,65,-
291641,291676,48,-
293956,293985,70,+
295307,295324,50,-
296254,296291,47,+
296526,296544,67,+
296700,296720,47,-
299660,299680,47,-
299846,299885,51,-
300339,300373,64,+
300646,300663,50,+
300930,300955,69,+
306990,307010,49,+
307716,307745,52,-
312317,312346,69,-
313930,313964,57,-
314345,314378,48,+
315340,315371,62,-
317579,317608,66,+
318115,318138,50,+
318273,318299,66,+
319357,319390,60,-
321448,321473,57,-
321823,321843,47,+
321955,321998,52,+
322938,322968,49,+
323645,323670,47,+
323857,323890,59,+
325681,325708,55,-
325882,325900,50,+
326495,326516,51,-
326751,326780,85,+
327248,327270,48,+
327500,327524,71,-
329171,329202,59,+
329464,329499,55,+
329794,329818,59,+
335428,335464,58,+
339829,339854,47,-
340830,340860,82,-
342122,342158,74,+
342635,342655,47,+
343502,343535,63,+
343652,343690,58,-
347264,347283,66,+
347843,347871,52,+
349407,349444,56,-
351467,351485,67,-
351902,351924,61,+
354535,354553,49,-
354753,354790,54,+
355977,355998,63,+
356193,356224,64,-
356582,356601,49,+
357136,357158,70,+
360817,360855,61,+
361782,361812,70,+
362447,362470,48,-
364530,364572,54,+
365025,365065,53,+
365355,365398,52,-
367092,367133,55,+
367313,367341,54,-
367394,367429,72,+
368908,368941,64,+
370276,370319,93,-
370437,370462,47,+
371305,371323,50,+
379367,379399,79,-
379497,379521,48,-
382094,382125,48,-
382504,382529,67,+
382768,382795,63,+
383987,384016,52,+
384051,384082,52,-
384546,384565,49,-
384618,384648,51,-
385519,385550,82,+
385817,385833,52,+
386959,386979,47,+
387142,387161,49,-
387506,387525,49,+
393985,394017,64,-
394938,394957,66,+
397555,397575,48,-
397600,397634,67,-
399491,399513,48,+
399857,399875,50,+
400170,400192,51,+
400784,400803,49,+
405755,405778,60,-
406880,406914,58,+
408637,408654,50,+
409792,409820,54,-
413788,413823,48,+
414696,414719,50,+
414979,415023,49,+
415180,415208,71,+
416941,416960,47,-
417672,417698,61,+
418524,418540,52,-
418730,418757,69,-
418841,418862,63,+
420061,420105,52,-
421231,421258,68,+
421786,421816,51,+
423589,423622,60,-
424788,424809,51,-
425516,425535,47,+
426161,426178,50,-
428161,428182,72,-
428193,428224,112,-
429060,429093,60,+
431887,431911,59,+
437998,438016,67,+
441115,441132,50,+
444239,444262,50,-
445662,445689,64,+
447930,447950,49,+
449353,449392,54,-
451120,451147,55,-
451319,451354,119,-
451900,451922,62,+
452918,452945,66,-
454356,454377,63,+
454963,455002,61,-
457036,457071,56,+
458314,458347,48,+
459460,459489,63,+
462529,462570,58,+
465386,465405,47,-
472652,472690,49,+
477114,477135,49,+
480812,480852,55,+
481091,481130,54,+
481437,481454,52,+
483195,483227,59,+
483442,483477,119,-
484062,484100,58,+
484688,484713,67,+
485161,485195,72,+
487114,487145,70,-
488099,488118,49,+
490335,490365,59,+
492202,492226,48,+
492937,492968,60,+
493027,493046,47,+
493955,493982,70,+
495686,495720,59,-
497366,497394,52,+
498114,498146,70,-
499713,499746,48,+
500627,500657,52,+
501505,501522,52,+
503558,503593,65,-
503667,503695,54,+
503823,503870,50,+
506448,506471,60,+
506613,506641,63,+
508080,508103,49,+
508163,508198,119,-
508916,508942,57,-
510215,510233,67,+
512654,512679,57,+
514009,514042,60,+
515663,515697,47,+
515786,515818,49,-
517369,517389,47,+
518152,518172,48,+
521341,521366,57,-
522198,522240,53,-
522224,522260,56,+
523526,523566,52,+
524912,524937,57,-
529092,529116,48,-
529490,529512,49,+
531835,531863,69,+
532450,532478,63,+
532864,532899,62,+
532939,532957,49,+
533713,533734,63,-
534217,534247,54,-
534620,534641,52,+
534934,534964,62,+
535381,535404,60,+
537362,537407,52,+
539376,539410,59,-
540581,540627,50,+
541242,541263,48,+
541616,541655,54,+
542682,542723,69,+
542863,542895,47,+
549145,549176,62,+
551205,551229,69,+
551458,551484,56,-
553470,553497,85,+
555153,555172,49,+
556343,556376,52,+
558415,558441,71,+
559850,559880,62,+
560900,560925,57,+
561013,561037,48,-
561271,561299,54,-
562202,562239,56,+
562417,562448,50,+
562979,563009,65,+
563034,563063,52,+
564986,565005,49,-
565621,565641,47,+
567254,567281,55,+
568362,568386,48,+
568571,568615,48,+
568653,568690,56,+
569759,569783,67,-
573372,573401,52,+
573990,574022,48,+
574115,574135,47,-
574315,574345,66,+
574745,574787,55,-
578346,578365,47,-
579205,579223,49,+
585484,585504,64,+
588023,588042,66,+
590204,590234,51,+
591229,591250,63,-
593591,593628,47,-
594811,594840,61,+
594936,594969,65,+
595331,595355,48,-
595566,595583,50,+
596279,596313,60,+
597285,597304,66,+
601442,601467,66,+
602871,602902,65,+
603125,603155,70,-
603998,604017,47,+
608006,608041,58,+
608435,608451,52,+
608837,608865,70,+
609996,610043,48,+
610934,610969,64,+
611258,611289,55,+
613103,613128,47,-
613833,613853,47,+
614097,614116,47,-
615309,615330,63,+
623278,623302,89,+
624976,625009,60,-
625271,625295,48,-
626827,626862,61,+
631448,631466,67,-
632269,632294,57,-
632799,632833,60,-
634578,634611,47,-
636183,636219,57,+
636297,636334,96,+
636350,636382,49,+
636411,636434,60,+
645401,645423,51,+
649407,649428,48,-
649513,649539,58,+
649588,649634,48,+
651851,651883,49,-
652473,652496,48,+
656056,656090,64,+
656702,656746,90,+
658638,658669,83,+
658675,658713,73,-
659268,659299,59,-
659526,659557,103,+
661239,661275,70,-
661428,661464,59,+
663047,663077,51,+
667703,667736,58,+
667796,667832,55,+
668438,668477,54,+
675831,675857,68,+
682386,682409,60,-
687817,687850,60,+
692909,692949,54,+
693393,693438,52,+
697539,697561,70,-
698583,698610,55,+
699834,699860,58,+
705960,705981,48,-
706336,706372,47,+
706758,706787,52,+
706866,706890,59,+
710682,710707,57,+
713699,713732,58,+
714378,714407,52,-
714587,714604,50,+
715946,715971,47,-
716805,716823,50,+
719820,719847,55,+
720706,720747,57,+
721495,721513,51,+
726210,726249,53,+
727877,727911,80,+
730018,730063,48,-
730791,730832,50,-
736647,736679,62,+
738181,738199,50,+
738708,738747,57,-
739247,739274,55,-
740028,740060,65,-
745911,745934,48,+
749064,749092,53,-
749308,749334,56,+
749685,749717,49,+
749882,749915,60,+
751401,751418,69,-
753109,753131,61,-
753679,753710,51,-
754487,754507,47,+
757068,757089,48,+
758709,758725,70,+
759256,759277,49,-
759753,759784,50,-
760824,760857,60,-
761849,761883,64,-
763200,763219,47,+
763606,763628,61,+
771948,771985,64,+
772228,772260,70,+
774337,774369,68,+
774933,774966,48,-
775507,775548,65,+
778774,778794,64,+
779489,779515,88,+
779548,779569,63,+
779793,779817,48,-
781716,781744,69,-
781836,781863,55,-
785104,785123,66,+
785276,785294,49,+
789106,789135,52,-
790565,790589,59,+
790905,790926,63,+
791707,791731,59,+
800546,800575,52,+
800608,800632,59,+
800660,800689,52,+
801929,801956,60,+
806421,806452,112,+
808200,808219,51,+
808636,808666,63,+
811309,811337,66,-
813508,813529,63,+
815882,815902,47,+
819574,819602,61,+
824183,824219,59,-
824553,824573,47,+
824939,824983,52,+
825137,825154,52,-
826613,826638,47,-
826648,826681,64,+
828881,828898,50,+
829319,829341,61,+
830968,830984,52,+
832030,832045,72,+
836428,836456,54,-
841522,841538,70,-
842474,842506,56,-
842616,842655,53,-
843108,843131,48,+
845215,845247,49,-
846294,846327,60,+
849645,849684,59,+
850397,850420,50,+
850687,850707,64,-
851260,851283,49,-
856313,856340,61,-
857182,857203,48,-
858583,858613,51,+
859548,859579,54,+
860167,860187,64,+
863661,863686,69,+
865178,865212,59,-
865549,865570,72,+
865692,865719,55,+
870276,870308,59,-
870420,870451,68,+
871203,871237,56,-
871260,871291,62,+
876987,877008,63,+
878198,878222,48,+
878572,878592,49,+
880200,880241,51,+
880867,880889,48,-
883610,883634,48,+
885080,885117,58,+
887998,888033,47,-
888946,888966,48,-
893843,893868,47,-
896293,896319,56,-
896437,896472,60,+
897905,897941,59,-
901386,901412,56,-
906112,906152,59,-
906267,906290,60,-
909628,909647,49,+
909896,909914,67,-
911889,911913,69,+
912063,912096,64,+
912155,912195,57,+
912260,912287,65,+
913908,913928,48,-
914674,914707,61,+
917005,917035,65,+
922819,922850,65,+
924069,924101,49,-
928383,928413,63,+
929690,929709,47,-
934270,934312,54,-
937959,937982,48,+
941706,941729,48,-
946346,946372,56,+
948468,948492,48,+
950649,950666,69,+
951352,951387,94,-
952326,952365,54,-
952794,952811,50,+
953395,953430,59,-
957418,957446,54,-
961175,961201,60,+
961329,961349,64,-
962935,962958,50,-
962988,963020,65,+
964222,964257,119,-
964371,964391,64,-
966719,966744,60,+
969322,969347,57,-
969540,969575,94,-
970042,970089,49,-
973262,973307,50,+
974320,974356,58,-
975079,975102,49,+
975229,975247,49,+
975786,975808,61,-
976910,976938,54,+
977023,977066,50,+
982737,982763,55,-
988190,988226,57,-
989266,989295,65,+
989369,989402,62,+
989782,989801,65,+
990006,990048,85,+
992565,992584,47,-
998230,998263,62,+
1000299,1000328,63,+
1000348,1000392,52,+
1002172,1002207,65,+
1004398,1004426,65,+
1004436,1004466,62,-
1006220,1006257,56,+
1006388,1006422,48,+
1007036,1007059,72,+
1007739,1007757,50,+
1008828,1008856,57,-
1011908,1011936,65,+
1013188,1013210,61,-
1013332,1013348,53,-
1014573,1014593,48,+
1016324,1016346,61,-
1019380,1019406,56,-
1020300,1020333,60,-
1021699,1021718,66,+
1024929,1024955,56,+
1025601,1025627,56,+
1026017,1026044,55,-
1028474,1028495,48,-
1032238,1032257,49,+
1033898,1033929,50,-
1035800,1035824,69,+
1038708,1038734,57,+
1040617,1040634,69,+
1040693,1040726,64,-
1041116,1041138,51,+
1042909,1042927,67,-
1043317,1043353,52,+
1044643,1044674,67,+
1045271,1045294,49,+
1045416,1045448,49,+
1045632,1045664,54,+
1045995,1046030,58,+
1053367,1053389,49,-
1054672,1054691,47,-
1059019,1059060,52,-
1061228,1061264,56,-
1066923,1066955,60,+
1068101,1068142,58,+
1068289,1068322,60,-
1071297,1071315,51,-
1072752,1072786,54,+
1073978,1074004,56,+
1081140,1081173,62,+
1081883,1081930,90,-
1083261,1083279,51,-
1087681,1087712,62,+
1088264,1088290,64,+
1088365,1088397,63,-
1093588,1093613,58,+
1098217,1098237,47,-
1098317,1098343,66,+
1098737,1098772,119,+
1099019,1099054,61,+
1099291,1099315,59,+
1102815,1102836,63,+
1103669,1103703,62,+
1107973,1107996,60,+
1119446,1119464,50,+
1119746,1119783,71,+
1120905,1120937,62,+
1120983,1121009,69,+
1121805,1121823,49,-
1122101,1122148,47,+
1122580,1122608,63,-
1123039,1123064,57,+
1124902,1124919,50,-
1125187,1125218,50,+
1127380,1127398,67,-
1127409,1127432,60,-
1127554,1127584,70,-
1127731,1127759,54,-
1128650,1128673,69,+
1129552,1129591,57,-
1130516,1130549,64,-
1132087,1132122,76,+
1132223,1132242,49,+
1132599,1132626,60,+
1134699,1134722,49,+
1136871,1136891,49,-
1142851,1142871,49,+
1142975,1142997,51,+
1144628,1144653,57,+
1148003,1148026,60,+
1150710,1150739,67,+
1150751,1150784,65,+
1150903,1150922,47,-
1154201,1154233,50,+
1155163,1155200,59,-
1157653,1157673,47,+
1161448,1161471,48,+
1162951,1162970,49,-
1164604,1164632,55,+
1168538,1168570,93,+
1169865,1169890,61,+
1175020,1175056,58,+
1177343,1177381,61,-
1177505,1177524,52,+
1178405,1178425,47,+
1179161,1179180,66,+
1180055,1180089,59,-
1180452,1180471,49,-
1182807,1182824,50,+
1186408,1186428,47,-
1187553,1187573,64,+
1188645,1188671,55,+
1192137,1192174,53,+
1195127,1195154,55,+
1195512,1195531,47,-
1196250,1196271,62,+
1196887,1196905,52,-
1197401,1197433,51,+
1197702,1197718,52,+
1198411,1198433,61,-
1200392,1200434,57,-
1203887,1203907,47,+
1207584,1207614,65,+
1210940,1210967,66,+
1212136,1212152,52,-
1214258,1214279,48,+
1216703,1216742,54,+
1216949,1216986,70,+
1217926,1217944,49,+
1218067,1218095,52,+
1219182,1219201,47,+
1219327,1219359,66,+
1227244,1227275,67,-
1228173,1228209,55,+
1233170,1233204,79,+
1233477,1233523,90,+
1234755,1234801,90,+
1236233,1236276,93,+
1236412,1236443,65,+
1237960,1237992,67,+
1238047,1238069,72,+
1238428,1238448,64,-
1239570,1239599,52,+
1240409,1240445,59,+
1240577,1240603,56,-
1240882,1240914,60,+
1241545,1241567,51,-
1241647,1241674,55,+
1241701,1241723,79,-
1242001,1242025,48,-
1242171,1242199,54,-
1244371,1244388,52,+
1244453,1244485,54,+
1244674,1244692,49,-
1245374,1245401,65,+
1247069,1247091,48,+
1252275,1252315,53,-
1253119,1253145,56,+
1253863,1253892,52,+
1254556,1254576,64,+
1256172,1256191,51,-
1257504,1257524,48,+
1261848,1261880,65,+
1263221,1263259,57,+
1263434,1263452,49,+
1263813,1263858,53,+
1264641,1264664,60,+
1266369,1266390,64,+
1266771,1266795,59,+
1267960,1267981,62,+
1268251,1268270,51,+
1270473,1270510,70,+
1270525,1270554,61,-
1271104,1271144,58,-
1272111,1272142,50,+
1273584,1273608,59,-
1274237,1274271,55,+
1275557,1275574,50,+
1276490,1276520,51,+
1277473,1277496,59,+
1279544,1279561,52,+
1279718,1279744,58,+
1282996,1283025,52,+
1285223,1285240,69,+
1286210,1286244,51,-
1287205,1287236,67,+
1290603,1290638,94,+
1292390,1292421,78,+
1293566,1293595,51,+
1293832,1293864,49,+
1293881,1293907,56,+
1294494,1294535,47,+
1295121,1295166,52,+
1296565,1296582,69,-
1297826,1297852,56,+
1299238,1299263,57,-
1299571,1299620,75,+
1301679,1301704,47,-
1302613,1302636,70,+
1302846,1302870,67,+
1303310,1303331,64,-
1303621,1303648,65,+
1304416,1304452,48,+
1304840,1304869,52,+
1306547,1306579,59,+
1306597,1306618,63,-
1306781,1306821,55,+
1307452,1307474,72,+
1307731,1307747,53,+
1308974,1309007,48,-
1309501,1309542,57,+
1309668,1309694,56,-
1310524,1310540,53,+
1312032,1312059,65,-
1313597,1313617,47,+
1316068,1316097,52,+
1316487,1316514,61,+
1318878,1318919,49,+
1318938,1318966,54,+
1319018,1319042,48,+
1319152,1319175,70,+
1319358,1319380,61,+
1319873,1319907,59,-
1321155,1321173,67,+
1321410,1321450,50,-
1322470,1322487,50,-
1323353,1323377,48,-
1323459,1323492,62,+
1326262,1326283,62,+
1326788,1326822,60,+
1327048,1327064,53,+
1329647,1329673,56,+
1330115,1330140,47,-
1330238,1330270,54,+
1330703,1330723,49,-
1332043,1332064,63,+
1333964,1333997,60,-
1335071,1335108,59,+
1336092,1336111,47,-
1336430,1336459,69,-
1336684,1336703,47,-
1337295,1337313,49,+
1337628,1337646,49,+
1340892,1340912,47,+
1341661,1341686,47,-
1341862,1341879,50,-
1343726,1343770,93,+
1344088,1344108,49,-
1344332,1344355,48,+
1345048,1345069,48,+
1346038,1346062,59,+
1346073,1346098,47,-
1350440,1350474,59,+
1351950,1351968,50,-
1352678,1352699,63,+
1352842,1352882,57,-
1353467,1353487,47,+
1354350,1354393,54,+
1354477,1354497,47,-
1354519,1354542,70,+
1354740,1354776,58,+
1356013,1356033,47,+
1356504,1356535,50,+
1356929,1356959,67,+
1357174,1357192,50,+
1357248,1357286,61,+
1358163,1358185,72,+
1359612,1359642,65,-
1359632,1359660,54,+
1359819,1359843,59,+
1360068,1360102,95,+
1360123,1360156,60,+
1360227,1360261,59,-
1361919,1361952,63,-
1362144,1362178,59,+
1362243,1362283,48,+
1363173,1363194,63,+
1364185,1364208,50,+
1366015,1366049,50,+
1367489,1367513,59,-
1368126,1368164,58,-
1368699,1368718,49,-
1370189,1370218,52,+
1372412,1372435,49,+
1372488,1372522,59,+
1373672,1373689,69,+
1374995,1375023,54,+
1375637,1375666,69,-
1375863,1375888,47,+
1376899,1376920,63,+
1377156,1377189,60,-
1377628,1377651,60,+
1378010,1378027,50,+
1379032,1379067,107,+
1379122,1379154,79,-
1379927,1379949,63,+
1380360,1380393,56,+
1381386,1381410,69,+
1382101,1382130,60,-
1382143,1382179,58,-
1383856,1383875,49,-
1384718,1384761,50,+
1385601,1385640,53,+
1386367,1386393,56,-
1387424,1387457,56,+
1387979,1388018,58,-
1388896,1388931,50,+
1391644,1391672,54,+
1392831,1392860,52,+
1394610,1394637,55,-
1395119,1395156,55,+
1395592,1395612,49,+
1395917,1395949,49,-
1396839,1396859,49,+
1397928,1397949,63,-
1404108,1404138,54,+
1405466,1405485,66,-
1406528,1406562,62,+
1406930,1406953,60,+
1407811,1407860,47,-
1409464,1409483,47,-
1410896,1410925,52,+
1411443,1411462,49,+
1411731,1411762,49,-
1413239,1413278,51,+
1413985,1414013,54,+
1415700,1415733,52,+
1420018,1420046,53,+
1420427,1420457,52,+
1420540,1420571,65,+
1422552,1422588,61,-
1423434,1423467,62,+
1423505,1423542,61,+
1426523,1426558,91,+
1427134,1427158,58,+
1428517,1428563,49,-
1428607,1428626,66,+
1429535,1429554,51,+
1430663,1430697,67,+
1433144,1433176,67,-
1434052,1434071,66,-
1434096,1434116,47,+
1435312,1435343,60,+
1438274,1438305,55,+
1441399,1441423,48,+
1441644,1441666,48,+
1442442,1442477,47,-
1443258,1443284,56,+
1443382,1443415,62,+
1444052,1444081,103,+
1444549,1444568,49,+
1445487,1445512,66,+
1446831,1446850,49,-
1447912,1447940,54,-
1453884,1453911,65,+
1457504,1457542,51,+
1460654,1460687,64,+
1463971,1464005,47,-
1464505,1464550,49,+
1468934,1468956,48,+
1469073,1469092,47,+
1469824,1469865,70,+
1470735,1470766,66,+
1474227,1474261,60,-
1475516,1475533,50,+
1476528,1476567,55,+
1477508,1477532,59,+
1477682,1477698,52,+
1479359,1479376,69,+
1480145,1480170,60,+
1481319,1481346,55,+
1483152,1483181,58,+
1485331,1485354,70,+
1485671,1485708,70,+
1486673,1486698,71,+
1487972,1487991,47,+
1491859,1491893,74,+
1492386,1492415,52,-
1492590,1492627,74,-
1496193,1496213,47,+
1496406,1496430,59,+
1498495,1498530,61,-
1498582,1498614,62,-
1499211,1499258,50,+
1500085,1500118,60,-
1503234,1503267,70,+
1503714,1503733,66,+
1505064,1505087,64,+
1505449,1505478,80,+
1505976,1506000,59,+
1508210,1508230,64,-
1516043,1516073,51,+
1516565,1516583,49,-
1516952,1516985,58,-
1520317,1520342,57,+
1521826,1521853,55,+
1522448,1522490,50,+
1523777,1523808,64,+
1524002,1524023,49,-
1524241,1524270,80,+
1524367,1524407,57,+
1524806,1524833,65,+
1525948,1525973,47,+
1526677,1526696,49,+
1526832,1526865,48,+
1533500,1533535,56,+
1534265,1534305,49,+
1536426,1536468,53,+
1537179,1537197,67,-
1541018,1541050,52,+
1541152,1541190,59,+
1543806,1543827,52,+
1543913,1543943,68,-
1544678,1544706,54,+
1547493,1547523,65,+
1547632,1547670,73,+
1547679,1547700,63,+
1547847,1547871,71,+
1548214,1548247,62,-
1548252,1548282,64,+
1548627,1548674,49,-
1551270,1551297,61,+
1556455,1556493,54,-
1557186,1557211,66,+
1557993,1558029,59,+
1560295,1560336,49,+
1560463,1560492,52,-
1560708,1560746,56,-
1566224,1566241,50,+
1567364,1567383,47,-
1567845,1567876,65,+
1568102,1568125,60,-
1568730,1568763,64,+
1569057,1569079,51,-
1571015,1571040,57,+
1571876,1571896,47,+
1573593,1573625,76,+
1574042,1574071,63,+
1574433,1574461,52,+
1575499,1575517,51,+
1575991,1576032,69,+
1576647,1576676,80,+
1577494,1577520,56,+
1577744,1577763,49,-
1577877,1577901,59,-
1577909,1577925,70,+
1578297,1578338,55,+
1578846,1578880,60,+
1578965,1578986,52,+
1581551,1581569,50,+
1583496,1583533,55,+
1584054,1584075,63,+
1585246,1585264,52,-
1586139,1586163,63,-
1587583,1587605,48,+
1587660,1587682,70,+
1589781,1589815,78,+
1589859,1589888,79,+
1592562,1592608,85,+
1594558,1594581,48,+
1595589,1595620,62,+
1597359,1597386,81,+
1599920,1599936,52,+
1600741,1600756,53,+
1603762,1603786,58,+
1604489,1604510,51,+
1609461,1609480,66,+
1611203,1611227,61,+
1611413,1611447,61,-
1613548,1613567,49,+
1613795,1613825,68,-
1614569,1614594,75,+
1614931,1614976,48,-
1617969,1617989,51,+
1618745,1618778,52,+
1620359,1620378,47,-
1620659,1620680,52,+
1621930,1621949,51,+
1624577,1624602,103,+
1624653,1624681,52,-
1624758,1624775,50,+
1624936,1624952,70,-
1624998,1625018,49,-
1625966,1625988,51,+
1627430,1627450,64,+
1628053,1628092,50,+
1628374,1628403,69,-
1629106,1629141,64,-
1630690,1630712,48,-
1631183,1631212,63,-
1634250,1634279,63,+
1635109,1635126,52,+
1636553,1636576,60,+
1641797,1641829,49,-
1642695,1642729,48,-
1645688,1645709,48,+
1648154,1648176,61,-
1648257,1648286,52,+
1648704,1648736,59,-
1649796,1649825,52,-
1651057,1651076,56,+
1651173,1651217,64,+
1651464,1651486,63,-
1651698,1651725,55,-
1652396,1652431,58,+
1656767,1656810,53,+
1658413,1658432,66,+
1659670,1659697,55,+
1664325,1664369,49,+
1667786,1667806,47,+
1668353,1668381,52,+
1668822,1668862,53,+
1670574,1670604,62,+
1671003,1671020,50,-
1672149,1672186,55,+
1672671,1672699,81,+
1674525,1674557,49,+
1675248,1675282,65,-
1676038,1676073,50,+
1678045,1678066,48,+
1678717,1678757,53,+
1679121,1679158,55,+
1680947,1680971,59,+
1683727,1683747,64,-
1684820,1684837,52,+
1685011,1685050,53,+
1686106,1686136,77,+
1690347,1690385,71,+
1691709,1691739,62,+
1693600,1693641,54,+
1693914,1693950,54,+
1694259,1694293,64,-
1694704,1694748,50,-
1696092,1696134,50,+
1696474,1696496,70,+
1696676,1696696,64,-
1697271,1697295,72,+
1697389,1697413,59,+
1698183,1698213,51,+
1698700,1698734,62,+
1704061,1704096,64,+
1704297,1704317,47,-
1704566,1704587,62,+
1706807,1706842,78,+
1706883,1706902,47,-
1707508,1707550,55,+
1712468,1712492,58,+
1712882,1712900,50,+
1718430,1718456,56,+
1720502,1720541,55,+
1721388,1721424,54,+
1722465,1722489,59,+
1722893,1722929,64,+
1725833,1725861,54,+
1726171,1726191,52,+
1727884,1727913,54,-
1730995,1731023,66,-
1731179,1731203,72,+
1732513,1732543,111,+
1736503,1736529,66,-
1736562,1736589,69,-
1736616,1736650,67,-
1738947,1738983,58,+
1741163,1741196,103,+
1743001,1743019,50,+
1743471,1743498,55,-
1743504,1743539,61,+
1743906,1743925,47,+
1744518,1744551,52,+
1748316,1748335,51,+
1748844,1748865,63,+
1752285,1752317,52,+
1754466,1754495,52,-
1755888,1755926,59,-
1756709,1756743,51,-
1758022,1758046,59,-
1758580,1758608,53,+
1759236,1759267,65,-
1760654,1760673,49,-
1764760,1764782,49,+
1766918,1766937,66,-
1766962,1766982,48,-
1767053,1767077,59,-
1767572,1767601,67,-
1772209,1772228,49,+
1772511,1772551,51,-
1775074,1775091,50,+
1776342,1776372,65,+
1778289,1778324,78,+
1778727,1778760,64,+
1779573,1779600,72,+
1779690,1779715,58,+
1780112,1780149,76,+
1780236,1780269,48,-
1781900,1781920,51,+
1782068,1782091,50,+
1783002,1783021,47,-
1787616,1787652,61,-
1788326,1788343,50,+
1788477,1788507,51,-
1788539,1788559,49,-
1789389,1789409,65,+
1790244,1790269,47,-
1790484,1790519,50,-
1792450,1792478,54,+
1793307,1793326,47,+
1794269,1794294,47,+
1795755,1795792,58,+
1797240,1797285,50,+
1798065,1798089,48,+
1798629,1798659,66,+
1801679,1801703,76,+
1803244,1803268,59,+
1803721,1803740,49,+
1806645,1806663,51,+
1806968,1806997,52,-
1808502,1808539,52,+
1809428,1809463,64,+
1809569,1809593,59,-
1810276,1810316,55,-
1811305,1811337,49,+
1814266,1814303,59,+
1817640,1817679,84,+
1818248,1818290,55,-
1820396,1820418,97,+
1820814,1820843,65,+
1821098,1821117,66,+
1822730,1822748,49,-
1827821,1827841,47,-
1829517,1829537,47,+
1830189,1830218,58,+
1830726,1830761,56,+
1831133,1831158,57,-
1831637,1831654,69,+
1832293,1832332,57,-
1832459,1832494,72,+
1835321,1835350,61,+
1836410,1836427,52,+
1838699,1838720,48,-
1839041,1839074,65,+
1843220,1843241,48,+
1843896,1843927,62,+
1844686,1844718,49,-
1845173,1845195,48,+
1846795,1846813,49,+
1851619,1851668,47,+
1852466,1852493,55,-
1853214,1853249,56,+
1853397,1853442,49,+
1855400,1855419,47,+
1855531,1855569,54,+
1855833,1855866,62,+
1857240,1857263,60,+
1857802,1857819,50,-
1859252,1859272,64,+
1860694,1860723,52,+
1860729,1860762,48,-
1860971,1860990,49,+
1863326,1863357,65,-
1864472,1864495,60,+
1864644,1864674,62,+
1864990,1865011,48,+
1865137,1865161,48,+
1866152,1866170,50,+
1866475,1866492,50,+
1869345,1869367,61,+
1870815,1870834,47,+
1871130,1871150,47,+
1871867,1871902,61,-
1874361,1874386,60,+
1874493,1874527,64,+
1874610,1874641,59,+
1875788,1875828,55,+
1880531,1880550,47,+
1884860,1884879,47,-
1887573,1887597,59,+
1888519,1888563,48,-
1891003,1891043,58,+
1892133,1892161,54,+
1892987,1893008,49,-
1896299,1896331,49,-
1898335,1898365,51,-
1900560,1900578,49,-
1902537,1902561,48,+
1904100,1904133,64,+
1904415,1904444,66,-
1905468,1905503,60,-
1906755,1906783,63,+
1906897,1906925,66,+
1907087,1907113,56,-
1907530,1907554,48,-
1908647,1908667,47,+
1908781,1908811,51,-
1909330,1909354,48,+
1910608,1910627,47,+
1910759,1910801,55,+
1911347,1911376,63,+
1911988,1912022,61,+
1912195,1912223,68,+
1912935,1912960,57,+
1913206,1913233,68,+
1913514,1913530,52,+
1913914,1913950,58,+
1917220,1917243,48,+
1917648,1917676,54,-
1918542,1918575,48,+
1918668,1918696,71,+
1918987,1919031,49,-
1919796,1919824,65,+
1920959,1920978,47,-
1921024,1921042,52,+
1923773,1923793,47,+
1924382,1924407,69,+
1925139,1925164,57,+
1925590,1925613,63,+
1927232,1927277,53,+
1929966,1929986,47,-
1930361,1930395,67,-
1931157,1931196,53,+
1932907,1932931,59,+
1932980,1933004,48,-
1937439,1937485,47,+
1940794,1940825,64,+
1941252,1941284,59,+
1941730,1941761,50,+
1943102,1943145,52,-
1944771,1944806,94,+
1945119,1945138,49,+
1945922,1945944,49,+
1946233,1946267,58,-
1946870,1946914,53,+
1946940,1946964,69,+
1948016,1948048,57,+
1951098,1951131,60,+
1951148,1951191,50,-
1952541,1952563,48,+
1953484,1953520,56,+
1954847,1954866,47,+
1956807,1956843,58,-
1958158,1958180,48,+
1960314,1960331,69,+
1960860,1960878,50,+
1961468,1961494,58,-
1962411,1962445,62,+
1963927,1963944,52,+
1965690,1965715,67,+
1967402,1967431,52,+
1967585,1967605,48,+
1967618,1967655,70,+
1967993,1968033,55,+
1968493,1968521,58,-
1969564,1969582,67,+
1970405,1970443,71,+
1974183,1974209,84,+
1975216,1975237,53,+
1975498,1975532,59,+
1976265,1976284,47,+
1977408,1977453,47,-
1978451,1978470,51,+
1978892,1978917,47,-
1979014,1979043,52,-
1979065,1979084,49,-
1979182,1979212,65,-
1979249,1979289,57,+
1979451,1979468,52,-
1979602,1979621,47,-
1981685,1981715,51,+
1982431,1982472,53,-
1983987,1984017,97,+
1985302,1985321,47,+
1989716,1989739,49,+
1990064,1990096,48,-
1991639,1991671,49,+
1992865,1992885,49,+
1993606,1993638,49,-
1994443,1994476,48,+
1997361,1997390,51,+
1998171,1998207,55,+
2001336,2001357,51,+
2002941,2002963,48,-
2003414,2003445,50,+
2003781,2003804,49,-
2004519,2004552,63,+
2004790,2004808,67,+
2006088,2006110,48,-
2007631,2007660,52,-
2009560,2009595,56,+
2011844,2011879,65,+
2012834,2012861,55,+
2013048,2013067,66,+
2014850,2014875,47,+
2017686,2017712,58,-
2017855,2017886,48,+
2019524,2019557,67,+
2021834,2021851,50,+
2027932,2027959,55,+
2028716,2028738,51,+
2031013,2031042,66,+
2034120,2034138,50,+
2037106,2037129,60,+
2039829,2039858,68,+
2043140,2043168,54,+
2043302,2043326,59,-
2044602,2044634,49,+
2045848,2045883,55,-
2048968,2048997,55,+
2050892,2050909,50,+
2052242,2052265,89,+
2052876,2052910,61,-
2056789,2056811,48,-
2057740,2057779,70,+
2059194,2059214,49,+
2059888,2059916,63,+
2062973,2062993,47,+
2064196,2064231,47,+
2064249,2064283,64,+
2064618,2064648,49,+
2065068,2065113,49,+
2065177,2065219,54,+
2070184,2070212,54,-
2073318,2073346,53,+
2074112,2074146,76,+
2074357,2074381,59,-
2076043,2076079,61,+
2076464,2076487,61,+
2077591,2077631,70,+
2078130,2078149,49,+
2080012,2080058,87,+
2081917,2081945,107,+
2094634,2094676,54,+
2095271,2095308,54,+
2095823,2095863,54,+
2100424,2100457,59,+
2105629,2105658,52,+
2106335,2106368,60,-
2111433,2111464,59,-
2114758,2114781,70,+
2114929,2114972,89,+
2117977,2117997,47,+
2119066,2119085,49,+
2119583,2119607,59,-
2120004,2120034,57,+
2124429,2124447,49,+
2124611,2124634,59,-
2126817,2126839,48,+
2127110,2127151,54,+
2127249,2127272,60,-
2128368,2128398,55,+
2129739,2129770,78,+
2130363,2130403,57,+
2131549,2131578,52,+
2131729,2131760,60,+
2136555,2136589,58,+
2137269,2137313,48,+
2139807,2139842,59,+
2140107,2140128,48,-
2141851,2141875,58,+
2144972,2145000,66,+
2145183,2145218,59,-
2145429,2145452,50,+
2146406,2146432,66,+
2147859,2147883,48,-
2150012,2150038,56,-
2150552,2150588,54,-
2150699,2150716,69,-
2151370,2151412,55,-
2151784,2151821,57,+
2152016,2152038,48,+
2152101,2152121,47,+
2153232,2153262,51,-
2155227,2155256,52,-
2157969,2158000,66,+
2162426,2162445,49,+
2163854,2163873,49,-
2164300,2164322,48,-
2164601,2164634,62,+
2169763,2169793,62,+
2171956,2171986,65,+
2172350,2172381,50,+
2172672,2172705,48,+
2175100,2175131,48,-
2175453,2175477,69,+
2175880,2175899,47,+
2177657,2177674,50,+
2178148,2178168,47,+
2178795,2178824,52,+
2180330,2180365,47,+
2181661,2181705,53,+
2185570,2185594,48,+
2186036,2186055,49,+
2186076,2186114,54,+
2186834,2186865,50,-
2188490,2188510,47,+
2188591,2188620,52,+
2188926,2188947,62,+
2189663,2189681,49,+
2191140,2191171,52,+
2192107,2192129,51,+
2193016,2193037,48,+
2194819,2194845,56,+
2195118,2195146,61,-
2195539,2195563,59,-
2195714,2195734,47,-
2196694,2196711,50,+
2197585,2197624,58,+
2199681,2199702,48,+
2201561,2201590,65,+
2204040,2204081,58,+
2205247,2205290,55,+
2207580,2207611,50,+
2207931,2207955,48,+
2209466,2209491,71,+
2209931,2209970,53,+
2211886,2211929,53,-
2214496,2214533,59,+
2216872,2216900,54,+
2217030,2217057,71,+
2219837,2219869,47,+
2221906,2221924,67,-
2222763,2222797,62,+
2223825,2223842,50,+
2224331,2224349,49,-
2225738,2225777,55,-
2225790,2225838,48,+
2226245,2226281,52,+
2227097,2227116,47,+
2228804,2228835,59,+
2229172,2229196,59,+
2229341,2229359,50,+
2230918,2230939,51,+
2231466,2231510,53,+
2232246,2232273,55,+
2232971,2232990,56,+
2233315,2233347,65,+
2233647,2233683,76,+
2236385,2236412,55,+
2236966,2237003,91,+
2237185,2237216,48,+
2237800,2237825,57,+
2249042,2249087,48,-
2251989,2252007,49,+
2252512,2252531,49,+
2253321,2253354,52,+
2253390,2253423,52,+
2255122,2255145,60,-
2256771,2256788,50,+
2259143,2259175,60,+
2268028,2268044,53,+
2268404,2268422,50,+
2269169,2269194,60,+
2270635,2270673,57,-
2272009,2272047,55,-
2272193,2272222,52,-
2273911,2273937,56,-
2274721,2274765,48,-
2275579,2275604,69,-
2275754,2275779,60,-
2276330,2276371,54,-
2277056,2277087,59,+
2278510,2278543,55,-
2278650,2278666,52,+
2279252,2279293,55,+
2283144,2283163,66,+
2286998,2287020,97,-
2289192,2289215,48,-
2290027,2290053,85,-
2291155,2291187,59,+
2291175,2291204,52,-
2293881,2293924,49,-
2294416,2294452,64,+
2294867,2294897,57,+
2295671,2295691,47,-
2299063,2299100,62,-
2299192,2299209,50,-
2301295,2301333,55,-
2306553,2306602,48,-
2315400,2315430,54,-
2318614,2318638,60,+
2320842,2320875,62,-
2321184,2321221,61,-
2325119,2325144,47,-
2326464,2326503,53,-
2327203,2327222,66,+
2327453,2327491,55,+
2327639,2327661,51,+
2328788,2328820,50,-
2331224,2331241,50,-
2331825,2331848,49,+
2332565,2332583,50,-
2332819,2332848,68,-
2336549,2336569,47,-
2336692,2336717,57,+
2338062,2338083,48,+
2341852,2341877,66,-
2353530,2353566,47,-
2355342,2355373,65,-
2356343,2356360,52,-
2358119,2358158,86,-
2360286,2360328,57,-
2363325,2363349,59,-
2369337,2369362,57,+
2370023,2370059,58,-
2372165,2372192,55,-
2372603,2372627,59,-
2373967,2373986,47,+
2374507,2374534,55,+
2377454,2377475,63,-
2378178,2378219,51,+
2381940,2381973,62,-
2382082,2382121,61,+
2383588,2383608,51,-
2386196,2386232,54,+
2389420,2389448,81,+
2390304,2390353,47,-
2392077,2392108,50,-
2392244,2392274,63,-
2394694,2394714,51,+
2397504,2397535,67,+
2397881,2397908,53,+
2398807,2398844,55,-
2398894,2398923,80,-
2399355,2399378,50,-
2399788,2399819,50,+
2400609,2400637,54,-
2400758,2400777,49,-
2403905,2403923,50,-
2406286,2406323,54,+
2406578,2406613,55,+
2407321,2407355,64,-
2407450,2407470,47,+
2409908,2409928,48,-
2410682,2410701,47,+
2410723,2410745,63,+
2410848,2410894,47,-
2410990,2411034,64,-
2411653,2411679,55,-
2413283,2413315,52,-
2415761,2415802,54,-
2416353,2416372,47,-
2417098,2417127,52,+
2417382,2417414,51,+
2418408,2418452,52,-
2418632,2418654,49,-
2418751,2418774,59,-
2418952,2418972,47,-
2419136,2419155,47,+
2420714,2420740,56,-
2423240,2423274,62,+
2425233,2425271,54,+
2425278,2425295,52,-
2427511,2427532,48,-
2428366,2428403,56,-
2429018,2429047,51,-
2431219,2431237,51,-
2433209,2433237,64,-
2435041,2435061,47,+
2436617,2436644,100,+
2437252,2437271,49,+
2437640,2437669,57,-
2437725,2437744,47,+
2438250,2438272,61,-
2439375,2439399,59,+
2439704,2439724,64,-
2442912,2442950,90,-
2444963,2445003,55,-
2448627,2448665,53,-
2449583,2449628,49,-
2451512,2451543,51,-
2453013,2453030,69,-
2453607,2453622,53,-
2458492,2458540,47,+
2468639,2468662,49,-
2468806,2468832,73,-
2470855,2470885,51,-
2472408,2472429,49,-
2473730,2473750,51,+
2476530,2476546,70,-
2481148,2481174,56,+
2481824,2481863,58,-
2481941,2481964,48,-
2484360,2484380,47,+
2485648,2485665,50,-
2485813,2485831,49,-
2485939,2485959,51,+
2486289,2486332,52,-
2487219,2487256,58,+
2487263,2487284,49,-
2488097,2488123,57,-
2488215,2488236,63,-
2490630,2490673,55,+
2491398,2491422,58,-
2492813,2492845,52,-
2493224,2493248,89,-
2500110,2500133,60,-
2501922,2501946,48,-
2503565,2503603,54,+
2503607,2503638,51,-
2507412,2507434,61,-
2509565,2509602,61,-
2514678,2514719,57,+
2516035,2516064,52,+
2516069,2516088,66,-
2521053,2521091,56,-
2531178,2531198,49,-
2533957,2533995,51,-
2534039,2534057,50,-
2534094,2534127,58,-
2534504,2534522,49,-
2534670,2534694,61,-
2534724,2534741,50,+
2538942,2538960,49,-
2540276,2540313,64,-
2549973,2549999,60,-
2550004,2550034,70,-
2550685,2550713,68,-
2552321,2552353,52,-
2554699,2554733,62,+
2556384,2556413,68,-
2558251,2558272,64,-
2564727,2564754,69,-
2564969,2565006,56,-
2567434,2567475,57,-
2568098,2568133,56,-
2569414,2569439,61,+
2569854,2569883,52,+
2570649,2570677,68,-
2571635,2571652,50,-
2572509,2572532,50,-
2580274,2580306,48,-
2580720,2580767,49,-
2584009,2584054,53,-
2584068,2584090,61,-
2588219,2588240,63,-
2589073,2589097,86,-
2590977,2591004,57,-
2593637,2593667,68,-
2595999,2596024,69,-
2597033,2597075,53,+
2600210,2600234,59,-
2602529,2602556,55,-
2607114,2607147,80,-
2607564,2607595,48,-
2608093,2608137,54,-
2610044,2610066,49,+
2611029,2611060,63,+
2611079,2611116,57,-
2612400,2612427,55,-
2614875,2614923,49,-
2615666,2615689,60,-
2616880,2616905,57,+
2617371,2617404,62,-
2617838,2617858,52,-
2619090,2619112,49,-
2619908,2619954,50,-
2621566,2621601,64,-
2622252,2622271,49,-
2623826,2623860,58,-
2625086,2625111,71,-
2626624,2626649,66,-
2627107,2627131,70,-
2629260,2629293,58,+
2630416,2630454,54,-
2635913,2635940,55,-
2635945,2635968,60,-
2636061,2636090,55,-
2637692,2637727,64,-
2637742,2637766,48,-
2640083,2640104,48,-
2640755,2640781,56,-
2642032,2642066,59,-
2642987,2643018,54,-
2643603,2643638,62,-
2644140,2644159,49,-
2644873,2644915,57,+
2645676,2645716,71,+
2645797,2645816,47,-
2649223,2649253,55,+
2652878,2652898,49,-
2653346,2653364,50,-
2653623,2653650,55,-
2654180,2654202,48,-
2654316,2654339,50,-
2655154,2655182,69,-
2655542,2655568,56,-
2656184,2656219,59,-
2657887,2657906,49,-
2658084,2658112,54,-
2658681,2658711,68,+
2659995,2660031,56,+
2661918,2661951,64,+
2662872,2662890,50,+
2668990,2669012,61,-
2670263,2670293,65,-
2672081,2672116,56,-
2672429,2672478,47,-
2673811,2673834,49,-
2677877,2677897,47,-
2677950,2677971,49,-
2678490,2678511,48,-
2681042,2681060,49,-
2684790,2684823,50,+
2687168,2687201,47,-
2688207,2688230,49,+
2689775,2689792,50,-
2691172,2691213,49,-
2691978,2692003,57,-
2693792,2693809,50,-
2696130,2696172,52,-
2696556,2696595,53,-
2696888,2696918,80,-
2697532,2697555,59,-
2698596,2698620,59,-
2700402,2700426,48,-
2700796,2700821,47,-
2703867,2703886,47,-
2707345,2707377,67,-
2707505,2707532,66,-
2707948,2707972,59,-
2709227,2709267,52,-
2710139,2710153,73,+
2711200,2711238,61,-
2711573,2711606,63,+
2719210,2719250,53,-
2720782,2720812,63,-
2721448,2721473,57,-
2723482,2723515,56,-
2724721,2724751,66,-
2726538,2726562,48,-
2728265,2728289,48,-
2728872,2728901,63,-
2729488,2729522,56,-
2730438,2730458,64,-
2730679,2730709,70,-
2732661,2732693,49,-
2733752,2733795,47,-
2735312,2735336,69,-
2735442,2735485,49,-
2736805,2736828,48,-
2737182,2737204,48,-
2739408,2739441,47,-
2741542,2741571,64,-
2741587,2741606,47,-
2742687,2742707,49,-
2742733,2742771,86,-
2742816,2742840,48,-
2743776,2743796,47,-
2745130,2745163,52,+
2745466,2745499,59,+
2751081,2751117,58,-
2752497,2752516,49,-
2752605,2752633,83,-
2754720,2754763,54,-
2756351,2756369,49,-
2758689,2758719,52,-
2759167,2759188,63,+
2759307,2759335,54,+
2762606,2762624,49,-
2770068,2770111,92,-
2774118,2774149,52,-
2776885,2776901,52,+
2781744,2781778,47,-
2786854,2786871,52,-
2787185,2787209,48,-
2788428,2788445,69,-
2789033,2789055,49,+
2789687,2789729,49,-
2792920,2792963,49,+
2794164,2794204,58,-
2797249,2797290,51,-
2799137,2799155,50,+
2799429,2799455,56,+
2800037,2800054,50,-
2800078,2800103,47,-
2801272,2801292,51,+
2801358,2801379,48,-
2802116,2802147,64,-
2802530,2802568,61,-
2804018,2804056,58,-
2806913,2806939,56,+
2809112,2809135,59,-
2809368,2809400,58,-
2817303,2817327,48,-
2818835,2818851,70,-
2820409,2820426,50,+
2824414,2824442,63,-
2828730,2828750,49,-
2831483,2831512,63,+
2831606,2831645,55,-
2833201,2833225,48,-
2834463,2834486,60,+
2834971,2834996,58,-
2835060,2835097,57,-
2835223,2835258,56,-
2836605,2836625,49,-
2836911,2836934,60,+
2840958,2840992,56,-
2842278,2842305,69,-
2842429,2842456,72,-
2845688,2845718,62,-
2846675,2846712,71,-
2847775,2847800,57,-
2847938,2847956,67,-
2848207,2848241,62,+
2854850,2854876,56,-
2855208,2855238,62,+
2863630,2863650,51,-
2863858,2863898,58,-
2869317,2869350,60,+
2869442,2869472,63,-
2872903,2872922,52,+
2874336,2874354,50,+
2876061,2876106,50,-
2876171,2876193,61,-
2876423,2876456,58,-
2877028,2877059,62,-
2879744,2879770,86,-
2879997,2880033,58,-
2881400,2881419,66,-
2882482,2882519,47,+
2883181,2883215,59,+
2883212,2883238,67,-
2884124,2884144,48,-
2885739,2885757,49,-
2887940,2887982,48,-
2888341,2888385,49,+
2888602,2888622,51,-
2890098,2890127,52,-
2890709,2890744,61,-
2891813,2891839,56,-
2892611,2892649,55,-
2896358,2896391,55,-
2898425,2898452,69,-
2898702,2898720,49,-
2904864,2904900,62,-
2907960,2907986,56,-
2908141,2908167,66,-
2910428,2910449,53,+
2910504,2910544,57,-
2911399,2911425,58,-
2911475,2911502,58,-
2913490,2913526,47,-
2914664,2914692,55,+
2914763,2914803,53,+
2914896,2914916,51,-
2915954,2915974,48,-
2916405,2916425,64,-
2917400,2917440,57,-
2927297,2927337,54,+
2927618,2927655,51,-
2928155,2928175,64,-
2929510,2929553,82,+
2930818,2930847,68,-
2931837,2931878,57,-
2934868,2934889,48,-
2935223,2935257,59,-
2940465,2940490,57,+
2942694,2942715,63,-
2943931,2943967,58,-
2946620,2946639,52,-
2949080,2949122,48,+
2950049,2950067,50,+
2950367,2950384,52,-
2951788,2951809,49,-
2953181,2953198,52,-
2954291,2954326,72,-
2959006,2959027,48,+
2960597,2960626,69,-
2960755,2960788,51,-
2961999,2962030,54,-
2962199,2962233,62,-
2962395,2962420,57,-
2964878,2964925,50,-
2971605,2971634,65,-
2972631,2972669,58,+
2973558,2973581,60,+
2974500,2974521,63,+
2974979,2975016,55,-
2976449,2976468,56,+
2976952,2976972,49,-
2979076,2979101,47,-
2979429,2979458,52,+
2979643,2979676,64,+
2979723,2979756,78,-
2981996,2982015,47,-
2982350,2982369,47,-
2982839,2982866,55,-
2983576,2983619,52,-
2984127,2984163,58,-
2987801,2987832,50,+
2988415,2988438,48,-
2990646,2990686,51,-
2990732,2990762,54,-
2992042,2992063,49,-
2996226,2996259,65,-
2997138,2997157,51,-
2997390,2997409,47,-
3000014,3000051,59,-
3001278,3001314,52,-
3002334,3002369,55,-
3002412,3002439,53,-
3002835,3002854,49,-
3003253,3003272,47,-
3003763,3003783,64,-
3006671,3006689,51,-
3008535,3008562,66,-
3009634,3009659,68,-
3011556,3011577,72,-
3013416,3013440,70,-
3014401,3014433,56,-
3014918,3014936,49,-
3015085,3015109,48,+
3015885,3015910,47,-
3016353,3016385,58,-
3017332,3017347,53,-
3017718,3017743,47,-
3018012,3018042,66,-
3018141,3018178,58,-
3018397,3018436,58,-
3018853,3018884,57,+
3019216,3019249,48,+
3019324,3019358,60,-
3019745,3019768,60,+
3022268,3022290,61,-
3023029,3023075,63,-
3023678,3023715,58,-
3024456,3024476,47,-
3024625,3024658,60,-
3024686,3024705,47,-
3025034,3025067,57,-
3029005,3029041,47,-
3029093,3029118,47,-
3029139,3029172,61,+
3029951,3029991,53,-
3030019,3030035,52,+
3030645,3030678,64,-
3030810,3030828,49,+
3031494,3031522,54,-
3031805,3031823,52,-
3031950,3031981,62,-
3032233,3032254,62,-
3035098,3035127,52,-
3037992,3038019,65,+
3046569,3046611,57,-
3047800,3047827,64,-
3050456,3050483,66,+
3050827,3050845,50,-
3052449,3052467,50,-
3053617,3053648,62,-
3053703,3053725,107,-
3054166,3054197,68,-
3054752,3054787,50,-
3055216,3055249,67,+
3057488,3057516,68,-
3059366,3059383,50,+
3059863,3059909,47,-
3062531,3062552,48,-
3062766,3062791,75,-
3064934,3064967,58,-
3065381,3065406,57,-
3065893,3065911,50,-
3066154,3066187,62,-
3067199,3067218,51,-
3067343,3067387,53,-
3068949,3068973,58,-
3069623,3069662,59,+
3069806,3069832,88,-
3070135,3070167,61,-
3070379,3070395,52,+
3071829,3071873,95,-
3072664,3072691,55,-
3072993,3073016,49,-
3073508,3073526,49,+
3073554,3073593,69,-
3077460,3077494,80,-
3080350,3080370,49,+
3080397,3080429,49,-
3080629,3080647,67,-
3080656,3080681,56,-
3080767,3080784,50,-
3083241,3083270,52,-
3086703,3086739,58,-
3086886,3086907,63,-
3090993,3091027,64,-
3095072,3095103,50,+
3095404,3095434,62,-
3097697,3097733,62,-
3099512,3099533,63,-
3100616,3100642,56,-
3100938,3100965,109,-
3103751,3103783,59,+
3104484,3104524,55,-
3105564,3105594,61,+
3106469,3106499,49,+
3107067,3107107,53,-
3107760,3107790,82,-
3108436,3108455,47,+
3110791,3110825,59,-
3112762,3112803,55,-
3112920,3112949,52,-
3113862,3113894,75,+
3114066,3114088,51,-
3116113,3116144,51,-
3119680,3119699,49,-
3120672,3120695,50,+
3122916,3122957,55,-
3123151,3123191,52,-
3125082,3125110,63,-
3126623,3126657,47,-
3128004,3128023,49,+
3128083,3128121,55,-
3128222,3128248,56,-
3131631,3131665,74,-
3133559,3133584,47,-
3134332,3134357,75,-
3134912,3134943,65,-
3137807,3137836,52,-
3139175,3139196,48,-
3139370,3139386,52,-
3140218,3140242,48,-
3142232,3142267,47,-
3142509,3142525,52,-
3143154,3143171,50,-
3145339,3145361,48,-
3145414,3145433,66,-
3149126,3149156,63,+
3149699,3149732,62,+
3152283,3152323,55,-
3154548,3154565,69,+
3154950,3154986,61,-
3155478,3155499,63,+
3156559,3156587,101,-
3156774,3156791,50,-
3157093,3157117,48,-
3157159,3157193,51,-
3160091,3160130,58,-
3160758,3160785,65,-
3161270,3161307,58,+
3164492,3164513,48,-
3164914,3164946,65,+
3165778,3165808,60,-
3166022,3166043,48,-
3166398,3166429,62,-
3166475,3166497,61,-
3169399,3169441,53,+
3169802,3169840,57,-
3170830,3170858,65,-
3171261,3171299,58,+
3171815,3171846,70,-
3171947,3171982,47,-
3173539,3173559,49,-
3173847,3173872,47,-
3176212,3176232,48,-
3176296,3176329,56,-
3176810,3176849,61,-
3180396,3180419,48,-
3181694,3181730,61,-
3181900,3181931,80,-
3186313,3186338,60,-
3187059,3187094,58,-
3188228,3188256,66,-
3189383,3189403,51,-
3190465,3190497,50,-
3190653,3190685,68,-
3192563,3192586,49,-
3193082,3193105,48,-
3193418,3193442,59,+
3194624,3194647,61,-
3194913,3194949,51,-
3195098,3195133,60,-
3195295,3195319,61,-
3197468,3197493,47,-
3204040,3204067,66,+
3205140,3205174,62,-
3205561,3205588,64,-
3208259,3208283,59,-
3209139,3209174,55,-
3215088,3215108,64,-
3217332,3217351,49,-
3219991,3220024,58,-
3220370,3220396,56,-
3220633,3220656,60,-
3222345,3222370,47,-
3224461,3224491,57,-
3224560,3224606,49,-
3226910,3226944,64,-
3227431,3227456,57,-
3227881,3227910,52,-
3235908,3235931,71,-
3240337,3240357,64,-
3241150,3241172,61,-
3242581,3242617,62,-
3243609,3243631,61,-
3244546,3244581,75,+
3246101,3246133,62,+
3247266,3247310,53,+
3247438,3247467,54,+
3251037,3251079,50,-
3256066,3256084,49,+
3257250,3257269,66,+
3257683,3257708,71,-
3259696,3259711,53,-
3263075,3263107,111,-
3265114,3265152,53,-
3268329,3268346,50,-
3271644,3271674,70,-
3273414,3273450,59,+
3273628,3273659,60,-
3278177,3278202,71,-
3278628,3278653,47,-
3278819,3278852,60,+
3280443,3280465,61,-
3280896,3280924,58,+
3281545,3281582,55,+
3283142,3283173,65,+
3283337,3283370,64,-
3284061,3284098,59,-
3285650,3285684,56,-
3286648,3286667,49,+
3286676,3286706,96,+
3286866,3286884,51,-
3289190,3289212,90,+
3289241,3289273,63,+
3295496,3295528,54,-
3299339,3299372,60,-
3302533,3302559,66,+
3302753,3302772,66,+
3303071,3303097,69,+
3303653,3303675,48,-
3303719,3303754,56,-
3304308,3304342,76,-
3304413,3304443,55,-
3305420,3305439,47,-
3309166,3309192,56,-
3309482,3309510,58,+
3310427,3310449,48,-
3311155,3311172,69,-
3311283,3311302,49,-
3312432,3312464,52,+
3313454,3313481,57,+
3316582,3316612,60,-
3317908,3317945,47,-
3318308,3318337,52,-
3320158,3320189,62,-
3320590,3320611,62,-
3320826,3320844,50,-
3322385,3322419,59,-
3322709,3322728,47,+
3323076,3323108,49,-
3323579,3323609,51,-
3325149,3325180,52,-
3326107,3326126,66,-
3329710,3329738,52,+
3331807,3331851,54,-
3333402,3333431,58,-
3342593,3342622,52,+
3342762,3342797,94,-
3342802,3342831,65,+
3342913,3342934,63,-
3343360,3343393,60,+
3344795,3344831,58,-
3346321,3346348,68,-
3346566,3346606,53,-
3348355,3348374,47,-
3348665,3348695,85,-
3349150,3349172,48,+
3350890,3350914,59,-
3351502,3351530,53,-
3352076,3352117,53,+
3358349,3358382,62,-
3358640,3358659,66,-
3359135,3359172,99,-
3361207,3361228,48,-
3363046,3363075,52,+
3363106,3363140,62,+
3367562,3367588,129,-
3369517,3369546,51,-
3369854,3369874,48,-
3370688,3370720,48,-
3370790,3370826,56,-
3370909,3370936,55,-
3371021,3371040,49,-
3372592,3372608,52,-
3374256,3374296,57,+
3374853,3374872,49,-
3375099,3375121,51,-
3377381,3377414,60,-
3378436,3378461,57,-
3379434,3379471,57,-
3380630,3380662,59,-
3381060,3381095,55,-
3381414,3381436,51,+
3385610,3385629,51,-
3385991,3386020,66,-
3386275,3386318,52,-
3386399,3386433,94,-
3387731,3387775,53,-
3388288,3388321,61,-
3388647,3388681,58,-
3389009,3389045,47,-
3389158,3389178,48,-
3393558,3393582,48,-
3395351,3395371,64,-
3396531,3396559,54,+
3396755,3396775,48,+
3397109,3397141,67,-
3398046,3398078,63,-
3399280,3399320,53,-
3399497,3399524,55,-
3401159,3401202,49,-
3401891,3401913,49,-
3403651,3403670,47,+
3403746,3403768,48,+
3403802,3403840,58,+
3406175,3406205,51,-
3406551,3406586,62,-
3408509,3408528,49,-
3413076,3413098,61,+
3413716,3413755,57,-
3414812,3414828,52,-
3415112,3415139,66,+
3416491,3416522,49,-
3422417,3422444,57,-
3422636,3422655,66,-
3422774,3422805,50,-
3423332,3423365,58,-
3424869,3424901,60,-
3425569,3425605,56,+
3428673,3428700,70,+
3429369,3429393,59,-
3429648,3429676,54,-
3429653,3429690,57,+
3430309,3430348,58,-
3431405,3431454,48,-
3431545,3431577,64,+
3434723,3434743,48,+
3444130,3444160,65,+
3447992,3448022,54,+
3449937,3449960,49,+
3451360,3451387,64,+
3457805,3457836,65,-
3459187,3459207,47,-
3459423,3459456,65,-
3462423,3462467,49,-
3462634,3462670,58,+
3464749,3464782,56,-
3466137,3466158,51,-
3466878,3466917,50,-
3467543,3467563,47,-
3467578,3467616,62,-
3469375,3469400,47,-
3469842,3469863,48,-
3472413,3472432,47,+
3475383,3475404,63,-
3478356,3478383,60,-
3478996,3479032,55,-
3479712,3479744,47,+
3480657,3480677,47,+
3483525,3483547,51,-
3484813,3484843,62,-
3488072,3488096,59,+
3488439,3488482,50,-
3491608,3491646,51,-
3493654,3493674,48,-
3495841,3495877,57,-
3495993,3496013,47,-
3497150,3497181,61,-
3498208,3498236,54,+
3500427,3500468,53,-
3501478,3501501,63,-
3505144,3505165,63,-
3506575,3506606,51,-
3506969,3507009,55,-
3508382,3508415,58,-
3508498,3508537,58,+
3509234,3509257,63,-
3509616,3509639,69,-
3509807,3509836,52,+
3520816,3520850,56,-
3521611,3521637,66,-
3523141,3523162,49,-
3524266,3524283,69,-
3524318,3524352,57,-
3525804,3525830,56,+
3526140,3526180,83,+
3526726,3526757,50,-
3527680,3527704,69,+
3529666,3529691,47,+
3529932,3529949,50,-
3529989,3530029,58,-
3530451,3530494,50,+
3533674,3533695,48,+
3534831,3534861,52,-
3534974,3534997,48,-
3535700,3535719,49,-
3537106,3537139,59,-
3537966,3537999,59,-
3542099,3542133,64,+
3542171,3542211,54,+
3543165,3543196,60,-
3546827,3546850,48,-
3547094,3547122,71,-
3547258,3547297,87,-
3548727,3548753,56,-
3550980,3551019,50,-
3552280,3552315,56,-
3555403,3555428,61,-
3555618,3555641,50,-
3556282,3556322,57,+
3557546,3557591,48,-
3561332,3561351,47,+
3563912,3563942,51,-
3565811,3565839,53,-
3566215,3566244,51,-
3566251,3566283,64,+
3566497,3566516,49,+
3567256,3567279,48,-
3569652,3569673,48,+
3570569,3570602,62,-
3571908,3571929,63,-
3574400,3574432,65,+
3577101,3577131,57,-
3577520,3577551,62,+
3577741,3577766,70,+
3578240,3578266,56,-
3578478,3578509,50,-
3578819,3578857,62,-
3579813,3579851,96,+
3579988,3580009,72,-
3580644,3580672,63,-
3581957,3581976,51,+
3584856,3584891,62,-
3585078,3585112,62,-
3585118,3585141,60,+
3585214,3585242,65,-
3585815,3585859,52,-
3587491,3587520,61,+
3587988,3588008,65,-
3588247,3588285,58,-
3588524,3588550,71,-
3591555,3591584,65,-
3593692,3593722,63,-
3594321,3594355,58,-
3596548,3596571,60,-
3597663,3597692,67,-
3597976,3597997,48,-
3600516,3600540,59,-
3604296,3604313,50,+
3605304,3605345,57,-
3607213,3607237,67,-
3607621,3607646,47,-
3609437,3609468,62,-
3611083,3611105,48,+
3612511,3612531,49,-
3615829,3615869,58,-
3618052,3618098,49,-
3618488,3618522,60,-
3619213,3619230,50,-
3620047,3620083,59,+
3622711,3622730,51,-
3629396,3629425,63,-
3629457,3629490,48,-
3629587,3629604,52,-
3631576,3631602,56,-
3634919,3634952,76,-
3635429,3635455,56,-
3635617,3635651,51,-
3636084,3636118,60,-
3636158,3636184,56,-
3636601,3636633,107,-
3636749,3636793,48,+
3639341,3639371,51,-
3640220,3640246,56,-
3642013,3642031,50,-
3642069,3642088,84,-
3643717,3643755,57,+
3645190,3645211,72,-
3645456,3645487,50,-
3646603,3646631,52,-
3647967,3648002,57,-
3648060,3648089,52,-
3650405,3650448,50,+
3650484,3650511,60,-
3652711,3652742,55,-
3652851,3652875,58,-
3654204,3654243,59,+
3654893,3654925,59,-
3656056,3656090,51,-
3662281,3662298,52,-
3663723,3663771,58,-
3664962,3664987,63,-
3665524,3665553,52,+
3666399,3666427,52,+
3667422,3667443,63,+
3668003,3668027,60,-
3669079,3669102,48,+
3670040,3670073,52,-
3670747,3670780,62,+
3671423,3671440,50,+
3671475,3671505,51,+
3673856,3673885,52,+
3675699,3675718,49,+
3675767,3675786,47,-
3678481,3678521,50,-
3678919,3678962,50,-
3680263,3680281,49,-
3680461,3680497,54,-
3681883,3681900,69,-
3682901,3682919,49,-
3685982,3686022,53,-
3686887,3686918,64,-
3687005,3687021,52,-
3687426,3687452,56,+
3690305,3690334,67,+
3691690,3691713,48,-
3693086,3693124,59,-
3694746,3694765,49,+
3695611,3695653,69,-
3695809,3695827,67,-
3698291,3698313,61,+
3699847,3699864,52,-
3706786,3706813,60,-
3707113,3707143,49,+
3711062,3711080,51,-
3712248,3712285,51,-
3713189,3713209,49,+
3714508,3714533,58,-
3717959,3717992,48,+
3718192,3718210,49,-
3722497,3722525,54,+
3723213,3723231,49,+
3724148,3724172,59,-
3725234,3725260,61,+
3725529,3725572,54,-
3726679,3726715,57,+
3728397,3728424,55,-
3731091,3731110,47,+
3731177,3731198,90,-
3735106,3735121,72,-
3737550,3737578,52,+
3738512,3738540,80,-
3738813,3738848,56,-
3739378,3739402,48,+
3740367,3740390,49,-
3741004,3741024,48,-
3742375,3742407,48,-
3744078,3744096,67,-
3744112,3744151,54,-
3745429,3745465,59,-
3747792,3747812,47,+
3748329,3748363,59,-
3752998,3753037,57,-
3755404,3755436,64,-
3759614,3759645,51,+
3759687,3759703,52,+
3763967,3763986,49,-
3765948,3765966,49,-
3770842,3770869,57,-
3771061,3771080,47,-
3771191,3771223,61,-
3771897,3771927,52,+
3772493,3772525,51,-
3774293,3774313,47,+
3774827,3774842,72,-
3775919,3775934,72,-
3780861,3780899,70,-
3780960,3780977,50,-
3782596,3782620,48,-
3784528,3784571,53,-
3792099,3792132,47,-
3796977,3797015,54,-
3801421,3801458,59,+
3806224,3806259,60,-
3810832,3810861,67,-
3811097,3811123,56,-
3811598,3811632,59,-
3812338,3812378,50,+
3814585,3814629,54,-
3817079,3817110,49,-
3817817,3817857,59,-
3819806,3819833,55,-
3820679,3820704,57,-
3824500,3824518,50,+
3824933,3824960,72,-
3826831,3826865,48,+
3827587,3827609,79,-
3837696,3837721,47,-
3837911,3837935,48,-
3838620,3838659,49,-
3839003,3839026,60,-
3839797,3839817,64,-
3839997,3840027,60,-
3841340,3841363,60,-
3843406,3843427,63,-
3845567,3845588,48,-
3846147,3846164,50,-
3846298,3846339,54,+
3858857,3858876,47,+
3859461,3859502,51,-
3859795,3859825,49,-
3861109,3861129,64,-
3861174,3861213,57,+
3862210,3862240,80,-
3870672,3870715,55,+
3870772,3870797,69,+
3872510,3872535,47,+
3874571,3874588,52,+
3875229,3875247,50,-
3875264,3875287,49,-
3877575,3877594,47,+
3881423,3881440,50,+
3888499,3888521,48,-
3891422,3891448,56,+
3894152,3894181,52,+
3894708,3894731,50,-
3895718,3895766,48,-
3896158,3896198,55,-
3896533,3896562,55,-
3896834,3896870,58,-
3896889,3896915,91,-
3898905,3898940,91,-
3899030,3899066,59,+
3900972,3900994,48,+
3906816,3906855,58,-
3909139,3909161,51,-
3914011,3914037,56,-
3915260,3915290,52,-
3918217,3918253,76,-
3918287,3918316,55,-
3920341,3920364,60,-
3921100,3921126,58,-
3921857,3921887,51,+
3923626,3923668,54,-
3925095,3925131,58,-
3927136,3927161,57,+
3927468,3927503,64,+
3927878,3927898,47,+
3931002,3931031,58,-
3931971,3931992,48,-
3933184,3933219,67,-
3934101,3934146,50,-
3935390,3935414,48,-
3936832,3936857,84,+
3939021,3939052,50,-
3941373,3941408,72,+
3942667,3942706,49,-
3944609,3944637,54,-
3948183,3948205,62,-
3949193,3949229,57,-
3950051,3950072,63,+
3952076,3952102,56,+
3953289,3953310,63,-
3956252,3956291,54,+
3956605,3956649,49,-
3958859,3958891,68,-
3960021,3960039,49,-
3961659,3961684,47,-
3964064,3964099,94,-
3968719,3968750,49,-
3970564,3970587,49,+
3970811,3970839,54,-
3971719,3971738,47,-
3975262,3975296,64,-
3976563,3976584,48,-
3978982,3979016,78,-
3979560,3979589,69,-
3980120,3980148,54,+
3980155,3980178,49,-
3981197,3981221,48,-
3981257,3981284,60,-
3981527,3981570,53,-
3981771,3981792,63,-
3982065,3982091,56,-
3983058,3983096,53,-
3985275,3985297,49,+
3985403,3985434,59,-
3988015,3988063,47,-
3991050,3991068,51,-
3991435,3991460,47,+
3992756,3992793,47,+
3993807,3993840,48,+
3995648,3995690,50,+
3995710,3995745,59,+
3995883,3995916,60,+
4003834,4003860,69,-
4005779,4005803,59,-
4005962,4005985,49,+
4009542,4009580,58,-
4009894,4009920,68,-
4016420,4016445,47,+
4016763,4016789,63,-
4018706,4018738,57,+
4020270,4020292,48,+
4020338,4020379,54,-
4020472,4020498,56,-
4022604,4022640,57,-
4023297,4023314,52,+
4023476,4023509,62,+
4023903,4023925,51,+
4024377,4024392,53,-
4025858,4025883,113,+
4025975,4026000,47,+
4029633,4029668,58,-
4033430,4033458,88,-
4033480,4033506,68,-
4035893,4035911,49,+
4038713,4038744,67,-
4038906,4038945,54,-
4040868,4040888,47,+
4041201,4041246,53,-
4046629,4046667,54,+
4051259,4051304,49,-
4051886,4051919,62,-
4054135,4054155,47,-
4057427,4057452,58,-
4057581,4057603,49,-
4059288,4059322,58,-
4061427,4061445,49,+
4065039,4065062,49,-
4065641,4065674,78,+
4066528,4066564,59,-
4067057,4067084,55,+
4069042,4069070,54,-
4069604,4069651,49,-
4071563,4071589,64,-
4073636,4073654,49,-
4078261,4078292,50,+
4079587,4079606,49,+
4081794,4081813,49,+
4089099,4089120,48,-
4090009,4090037,65,-
4090521,4090540,56,-
4093352,4093375,60,+
4093688,4093712,67,+
4093881,4093915,50,-
4099852,4099875,49,-
4101225,4101251,56,-
4101895,4101914,66,-
4104140,4104174,50,+
4104284,4104302,49,-
4104654,4104692,58,-
4108321,4108351,65,+
4108710,4108737,55,-
4109308,4109341,62,+
4114591,4114612,49,+
4114808,4114825,52,-
4115163,4115191,53,-
4115422,4115465,55,-
4119010,4119031,48,-
4120496,4120525,68,-
4120990,4121012,49,-
4122339,4122372,59,-
4124650,4124680,65,-
4127627,4127670,68,-
4128159,4128179,48,-
4131811,4131837,56,+
4135209,4135239,60,-
4136026,4136069,69,-
4136478,4136511,60,+
4136648,4136669,48,+
4136792,4136815,49,-
4137579,4137614,62,-
4139122,4139158,58,-
4140171,4140201,63,-
4141323,4141351,70,-
4143282,4143324,52,+
4145858,4145902,47,-
4146185,4146222,58,-
4150163,4150181,67,+
4156109,4156130,48,-
4158209,4158228,47,+
4162216,4162246,66,-
4163617,4163650,64,+
4163721,4163745,59,+
4167277,4167312,61,-
4167476,4167511,57,-
4168474,4168493,47,+
4169160,4169185,47,-
4169803,4169822,47,+
4170202,4170238,65,-
4175892,4175909,69,-
4175964,4175990,68,+
4176239,4176269,67,-
4177018,4177038,49,-
4177644,4177660,52,-
4178391,4178411,49,+
4179490,4179513,48,-
4180099,4180138,53,-
4182748,4182780,70,+
4183594,4183627,62,+
4186123,4186151,66,-
4186252,4186282,57,-
4187394,4187410,52,-
4188421,4188452,61,-
4191354,4191372,67,+
4191724,4191748,48,-
4191936,4191960,59,+
4192893,4192913,64,-
4193309,4193333,48,+
4195218,4195247,52,-
4196138,4196163,57,-
4196177,4196207,51,-
4197105,4197122,52,-
4197232,4197261,52,-
4198389,4198423,50,-
4199770,4199792,61,-
4200123,4200162,53,-
4200291,4200315,60,-
4200977,4201007,57,-
4201083,4201115,75,-
4206585,4206609,71,-
4208756,4208801,49,-
4209577,4209604,53,-
4211526,4211551,57,-
4212496,4212525,52,+
4213231,4213264,64,-
4213803,4213822,49,-
4215553,4215594,57,+
4215896,4215914,67,+
4216630,4216649,47,+
4218146,4218182,55,-
4223829,4223847,67,-
4224533,4224561,85,-
4225394,4225435,52,-
4226885,4226921,58,-
4227370,4227392,61,-
4227542,4227564,49,-
4229970,4229989,49,-
4230760,4230791,50,-
4231033,4231069,48,-
4231675,4231706,63,-
4232519,4232554,60,-
4234909,4234937,58,+
4237701,4237734,56,-
4241322,4241353,65,-
4242095,4242127,49,-
4245142,4245166,59,-
4245743,4245769,56,-
4246027,4246047,73,+
4246727,4246746,49,-
4247016,4247043,57,-
4249989,4250019,51,+
4251381,4251400,49,+
4252785,4252805,49,-
4255543,4255562,47,-
4255862,4255900,59,-
4260906,4260945,53,+
4261206,4261229,49,-
4262184,4262209,57,-
4265963,4265982,66,-
4266687,4266709,61,-
4270237,4270257,51,+
4272229,4272245,53,-
4273320,4273358,51,-
4277035,4277055,64,-
4284373,4284406,62,-
4285070,4285093,50,+
4285660,4285690,83,+
4287248,4287279,50,+
4288853,4288883,51,-
4291680,4291703,59,-
4291916,4291943,66,-
4293647,4293666,66,-
4295109,4295139,68,+
4295714,4295753,58,+
4303081,4303116,52,-
4303712,4303740,54,-
4304217,4304236,47,-
4304381,4304412,76,-
4305731,4305761,68,-
4306560,4306577,52,-
4307825,4307855,51,-
4310470,4310499,70,-
4311848,4311868,51,-
4315212,4315244,52,-
4316933,4316952,49,+
4318828,4318869,49,-
4319857,4319882,57,-
4320071,4320095,48,-
4322297,4322319,51,-
4322785,4322816,50,+
4323301,4323329,54,-
4324222,4324243,48,+
4325745,4325767,48,-
4326185,4326212,60,-
4328591,4328609,67,-
4330429,4330470,55,-
4333513,4333540,66,+
4335288,4335307,66,+
4335971,4335987,70,-
4337222,4337251,54,+
4342617,4342632,72,-
4342697,4342720,60,+
4342793,4342814,48,-
4343061,4343096,59,+
4343489,4343509,47,-
4346506,4346539,75,-
4348876,4348901,47,-
4350776,4350809,64,+
4353779,4353817,53,+
4364196,4364218,61,-
4366632,4366651,49,-
4370575,4370599,59,-
4372445,4372471,73,-
4374885,4374920,56,-
4375596,4375624,70,-
4376793,4376820,71,-
4377130,4377167,58,-
4377729,4377746,50,-
4378891,4378938,47,-
4379337,4379356,47,-
4383946,4383966,51,+
4386936,4386985,87,-
4387335,4387356,63,-
4390716,4390737,48,-
4392144,4392169,47,-
4392659,4392678,47,+
4395631,4395655,59,+
4402322,4402357,50,-
4405456,4405493,55,+
4412799,4412829,96,+
4413378,4413418,58,-
4417464,4417489,57,-
4417928,4417949,48,-
4421366,4421385,49,-
4422860,4422905,53,-
4423206,4423230,71,-
4424164,4424197,56,+
4424425,4424453,67,-
4424462,4424503,48,-
4428853,4428879,56,-
4429978,4429994,52,+
4430325,4430348,60,-
4430578,4430598,47,-
4430807,4430850,55,+
4432496,4432541,87,+
4432634,4432662,60,+
4432731,4432766,103,+
4435966,4435983,52,+
4436228,4436260,49,+
4436804,4436823,47,-
4437406,4437445,57,+
4438221,4438259,52,+
4439692,4439726,59,-
4440026,4440066,57,+
4440817,4440840,60,-
4442241,4442265,59,-
4442911,4442928,50,-
4444870,4444905,72,-
4444910,4444933,64,+
4445989,4446012,60,-
4448102,4448137,59,-
4448300,4448337,54,-
4449691,4449725,59,+
4451188,4451230,57,+
4456918,4456962,53,-
4458617,4458652,62,-
4458735,4458772,50,-
4459334,4459368,56,-
4460691,4460710,49,-
4464201,4464225,59,-
4464333,4464357,71,-
4465472,4465502,62,-
4465539,4465556,50,-
4465692,4465720,69,-
4467110,4467131,48,-
4469230,4469246,52,+
4473985,4474010,57,-
4477765,4477782,52,-
4480250,4480280,65,+
4481822,4481843,48,-
4481878,4481894,52,-
4482894,4482922,71,+
4484566,4484607,58,-
4485262,4485304,55,+
4485454,4485497,52,+
4485659,4485688,54,-
4487637,4487661,48,-
4489523,4489556,48,-
4491624,4491642,49,-
4492550,4492574,76,-
4492746,4492773,55,-
4494213,4494241,54,+
4500206,4500231,57,-
4500321,4500359,73,-
4500404,4500434,51,+
4501282,4501300,50,-
4503313,4503337,48,+
4505314,4505340,56,-
4505682,4505713,78,+
4506011,4506028,50,-
4509055,4509086,54,-
4511032,4511056,59,+
4513643,4513686,54,-
4514987,4515007,64,+
4517277,4517306,52,-
4517938,4517967,66,+
4518309,4518336,55,-
4522260,4522301,53,-
4523402,4523432,60,-
4523712,4523744,51,-
4528415,4528448,48,+
4528929,4528953,48,-
4529571,4529610,57,-
4529727,4529747,52,-
4533736,4533761,47,+
4534683,4534716,48,-
4534739,4534778,55,-
4541490,4541524,68,-
4543904,4543926,48,+
4547521,4547541,64,+
4548700,4548736,55,-
4549061,4549098,61,-
4549525,4549548,49,-
4550354,4550396,49,-
4553613,4553631,49,+
4554925,4554946,63,-
4555831,4555857,55,-
4556415,4556433,50,-
4557638,4557661,60,-
4558365,4558388,60,-
4558705,4558740,78,+
4559887,4559904,50,-
4562282,4562304,51,-
4566748,4566768,64,-
4568947,4568965,50,+
4570564,4570590,83,+
4571423,4571448,56,-
4571588,4571622,47,-
4571759,4571795,62,-
4573276,4573295,49,+
4575310,4575328,52,-
4576313,4576357,53,-
