start,end,score,strand
435,464,63,-
2587,2629,53,+
6473,6518,49,-
7603,7623,47,+
8389,8408,51,-
11410,11433,59,-
17331,17362,65,+
17920,17943,50,-
20289,20315,56,-
21835,21877,52,-
22188,22214,58,+
26693,26710,50,-
30085,30119,47,-
34035,34065,52,+
34093,34116,60,+
34372,34401,60,-
34659,34686,55,+
34987,35014,53,-
35564,35603,51,-
39165,39182,69,+
41922,41956,59,-
44636,44680,54,+
46341,46357,52,+
46803,46838,58,+
48523,48543,48,+
55149,55181,64,-
55806,55825,47,+
60768,60784,52,-
65198,65224,56,-
65326,65352,56,+
66211,66228,50,+
66468,66486,51,+
68016,68044,80,+
68153,68188,56,-
68342,68359,52,-
69317,69353,62,-
69721,69740,47,-
70606,70641,58,-
72745,72774,82,-
76849,76871,49,+
78419,78442,60,-
80977,80997,54,+
84217,84250,50,+
85068,85094,101,+
85149,85174,57,+
85341,85360,47,+
86576,86596,47,-
87448,87476,54,+
87543,87576,62,-
88822,88858,65,+
89398,89420,61,+
89977,90017,73,-
90125,90169,91,-
93661,93690,82,-
98751,98781,60,+
98833,98857,71,+
99067,99088,48,-
99801,99822,49,+
104462,104480,51,-
105730,105754,59,-
106322,106362,55,-
106434,106456,49,-
106825,106856,50,+
107802,107833,52,+
108113,108143,49,-
108727,108746,49,-
109143,109174,65,+
109543,109570,70,+
109879,109918,86,-
110087,110114,55,-
110204,110227,64,-
110813,110852,59,+
112021,112040,51,-
112254,112289,62,+
113052,113091,59,+
115641,115661,48,+
116033,116057,59,+
116680,116722,69,-
118866,118886,64,+
120976,121005,51,-
121120,121139,47,-
122610,122635,60,+
123749,123782,48,+
125588,125622,55,-
125732,125765,63,+
127303,127333,51,+
127988,128012,48,-
129063,129088,67,+
131225,131244,47,+
133818,133835,50,-
136098,136127,60,+
136655,136681,66,+
138064,138093,98,+
140030,140054,48,+
145522,145541,47,-
148635,148679,65,+
149415,149450,48,-
150423,150456,52,+
150508,150546,54,+
151826,151849,60,-
157089,157113,48,-
162126,162148,62,+
162683,162724,51,+
165961,165981,49,+
166209,166236,55,+
166730,166762,67,+
166886,166920,60,+
168223,168247,59,+
170451,170469,50,+
170493,170519,56,+
170911,170928,52,+
172575,172593,67,+
172856,172879,60,+
175914,175944,51,-
177104,177134,55,-
178970,179007,55,+
181587,181621,65,+
188473,188510,61,+
188552,188570,67,+
188618,188637,112,-
189254,189283,52,+
192187,192206,47,+
192659,192694,59,+
194568,194607,55,+
195316,195348,58,+
198185,198214,85,-
198561,198585,67,+
199971,199993,63,+
200663,200686,48,-
203853,203885,49,+
206594,206622,54,+
206825,206864,73,-
207929,207961,49,-
207975,208012,69,-
209344,209369,57,+
210010,210040,57,-
212245,212264,66,+
212397,212424,55,+
214286,214315,68,+
215049,215076,65,+
216154,216193,61,+
216653,216677,48,+
216748,216770,48,+
218012,218042,51,+
219453,219486,48,-
220415,220440,67,+
220466,220498,47,-
220544,220576,50,+
222371,222409,55,-
222828,222853,57,-
224967,224992,57,+
227398,227433,62,-
227706,227731,57,+
228872,228900,52,+
230420,230447,55,-
230902,230918,52,+
234462,234490,54,+
236426,236445,49,+
239608,239627,47,-
240227,240250,60,-
240904,240930,56,+
243616,243638,49,-
248067,248088,49,+
248493,248512,47,-
253608,253629,72,-
253860,253877,50,-
254239,254259,64,+
254371,254402,100,-
254410,254426,52,+
260932,260979,48,-
261772,261797,57,-
264271,264303,57,+
264602,264641,55,+
264708,264734,71,+
265764,265791,61,+
265799,265825,56,+
265866,265893,81,+
266125,266166,58,+
266697,266739,54,-
267636,267666,68,+
267788,267808,51,+
267894,267934,58,+
268848,268868,47,+
271068,271087,47,+
272780,272818,74,+
276086,276108,48,+
278880,278911,48,-
279189,279219,51,-
279483,279522,59,-
281174,281205,63,+
284671,284690,47,-
285223,285252,54,-
286928,286975,48,-
292230,292250,48,+
295608,295648,58,+
297576,297620,52,+
299810,299834,59,+
302815,302848,58,-
304589,304627,54,+
304707,304737,59,-
305204,305223,47,+
305425,305446,48,+
305859,305900,98,-
308385,308407,61,-
308434,308457,49,-
311214,311235,62,+
312211,312240,52,-
313054,313075,49,-
313847,313872,47,+
314034,314065,67,-
316627,316651,48,-
316883,316917,95,-
317764,317784,47,-
317949,317971,61,+
321507,321537,63,+
321623,321651,65,-
321748,321772,48,-
323293,323334,53,-
326481,326499,67,-
326537,326572,54,+
327643,327662,52,+
328868,328896,71,-
332444,332460,52,+
333005,333032,64,+
334274,334298,48,+
335705,335724,47,-
336103,336134,64,+
337925,337960,58,+
338093,338119,56,-
340384,340421,47,-
348800,348817,69,+
348823,348849,91,-
350254,350286,66,-
350693,350726,48,-
351875,351909,55,+
354874,354893,47,-
356878,356918,57,+
359891,359911,47,+
361862,361884,63,+
363173,363190,50,+
363242,363258,52,+
364103,364125,61,+
365047,365066,66,+
365780,365812,58,+
366287,366319,59,-
366390,366410,48,+
368063,368100,59,-
369679,369709,51,-
369903,369927,59,-
371610,371643,64,+
372707,372736,52,-
373943,373962,51,+
376056,376096,51,-
376559,376581,48,+
377891,377917,85,+
378318,378342,48,-
378591,378619,58,-
382494,382520,56,+
385096,385143,62,+
389174,389199,58,+
390611,390642,70,+
390894,390930,64,-
397672,397691,47,+
399007,399034,68,+
399951,399971,47,+
401070,401093,48,+
404129,404152,50,+
406194,406209,53,+
406345,406391,47,+
406481,406506,69,-
408743,408765,49,+
409566,409592,56,+
410195,410236,54,-
411913,411937,48,+
412448,412482,79,+
413678,413697,66,+
416201,416232,65,+
419099,419123,48,+
419417,419450,52,-
420755,420772,50,+
436847,436867,48,-
440461,440482,63,-
440524,440544,49,-
445069,445094,57,+
450713,450740,55,+
451412,451433,48,-
452381,452417,62,+
454357,454383,56,+
454431,454465,62,-
454500,454542,57,+
454699,454738,54,+
454839,454861,49,+
454855,454878,48,-
457068,457093,57,-
458956,458999,47,-
466447,466468,62,-
466622,466645,60,-
467713,467747,64,-
468815,468849,58,-
469256,469287,50,-
483214,483255,49,+
484256,484290,48,+
484452,484469,50,+
486958,486981,49,-
487615,487633,49,-
488644,488671,55,-
490666,490696,51,+
490878,490922,52,+
492210,492235,57,+
494765,494790,86,-
497443,497488,49,+
497689,497710,63,+
498784,498819,64,+
498847,498872,60,+
500702,500735,52,+
501405,501436,65,+
504862,504886,59,-
506943,506964,53,-
511932,511961,52,+
511992,512025,58,-
513954,513973,47,-
518456,518500,53,+
521598,521630,49,+
522018,522050,50,-
522679,522708,52,+
524341,524376,50,-
525889,525916,61,-
527268,527307,49,-
529432,529454,51,-
531398,531432,61,+
531447,531477,51,+
533296,533316,47,-
533381,533418,55,+
533953,533993,53,-
534382,534425,55,+
538704,538737,65,-
541178,541197,47,+
542099,542143,48,+
542445,542469,67,+
544958,544988,54,+
545776,545799,60,+
549205,549224,51,-
550937,550968,48,+
551752,551786,50,+
552850,552868,52,+
552958,552987,51,+
554979,555008,55,+
555084,555110,56,+
555728,555756,54,+
560703,560735,63,+
561301,561341,58,-
561842,561873,67,+
561883,561926,49,+
562787,562820,62,+
562894,562923,65,-
563504,563522,51,+
564368,564398,51,+
565223,565247,48,+
569194,569214,51,-
570499,570517,49,+
571202,571225,48,+
571399,571434,60,+
577923,577969,52,+
578481,578518,56,-
578596,578617,63,+
580414,580433,49,-
580864,580905,54,+
581281,581298,52,-
581303,581333,51,+
583330,583361,50,+
585467,585488,63,+
588813,588843,51,+
589411,589447,64,+
592078,592107,68,-
592161,592185,59,-
592453,592481,69,+
595348,595368,64,-
595655,595673,67,+
596310,596342,63,+
596363,596390,65,+
596471,596508,59,-
597782,597801,51,+
597893,597922,54,-
600700,600717,69,-
603443,603461,52,+
604454,604473,65,+
605189,605209,48,+
605909,605932,91,+
607074,607104,66,+
610121,610148,71,-
610349,610387,49,+
611847,611877,54,+
612762,612802,50,-
612901,612924,60,+
613666,613694,54,+
613893,613909,52,-
615183,615215,56,+
615549,615585,64,+
615828,615848,64,+
618698,618722,59,+
619207,619229,61,+
619757,619791,56,-
619846,619871,69,+
620484,620514,85,-
620894,620921,69,-
621420,621440,51,-
621633,621648,72,+
621685,621717,76,-
621764,621793,66,-
622278,622295,52,+
623005,623037,57,+
623165,623184,49,+
626199,626225,56,+
627416,627454,58,-
627880,627908,71,+
631046,631067,48,-
633269,633309,50,+
635592,635611,47,+
639028,639054,68,-
639359,639379,47,+
640159,640187,54,-
640311,640334,60,-
640856,640878,61,+
642929,642966,61,-
644433,644469,48,-
646402,646436,62,+
651366,651389,60,+
655587,655618,55,+
658701,658736,54,+
659484,659521,74,-
659529,659549,49,+
659944,659982,59,+
661936,661969,60,+
663546,663571,57,-
664685,664709,59,+
668533,668553,64,+
675041,675064,49,+
678229,678264,50,+
680393,680413,47,-
681560,681578,49,-
682313,682330,50,+
683512,683539,55,+
683672,683703,112,+
684633,684667,62,+
685864,685883,51,+
689847,689865,67,-
691812,691839,55,+
692281,692304,70,+
693216,693240,48,+
698791,698825,60,+
700640,700672,63,-
702555,702573,49,+
702867,702889,51,+
703217,703241,48,+
704968,705006,54,-
705931,705967,58,+
707201,707228,55,+
707620,707656,54,+
708211,708237,69,-
708813,708836,60,-
709676,709718,57,-
711175,711208,76,-
713438,713463,71,-
714362,714397,56,-
715050,715073,48,-
718073,718109,47,+
719270,719290,47,-
719651,719687,57,+
720217,720247,79,-
720731,720766,56,+
723214,723240,66,+
725759,725782,49,+
727503,727527,48,+
730159,730183,48,-
730192,730211,112,+
730217,730252,89,-
731957,731986,98,-
732948,732995,47,+
733045,733067,49,-
733281,733308,65,+
733334,733363,52,-
733387,733410,48,-
733655,733687,54,+
734338,734363,47,+
734753,734791,55,+
734861,734890,71,+
734916,734945,98,-
734968,735000,61,-
736870,736895,57,-
737639,737671,49,+
738243,738286,94,+
738329,738351,61,-
740466,740495,52,-
743178,743206,64,+
743866,743895,82,+
744964,744997,48,+
745112,745132,51,+
749819,749855,61,+
749881,749920,101,+
750128,750159,63,+
751462,751484,49,+
753324,753345,63,+
754156,754197,81,+
755209,755228,49,+
755309,755341,95,+
757024,757058,95,-
757200,757231,105,-
757504,757534,51,-
757598,757625,55,-
759452,759470,51,-
759486,759517,65,+
760898,760927,83,-
760980,761026,47,+
761497,761530,62,+
763143,763179,145,-
763193,763214,62,-
765056,765080,67,+
765458,765490,64,+
765519,765549,62,+
765602,765646,49,-
765966,766004,61,+
766026,766055,98,+
766562,766593,50,+
770417,770435,49,-
770499,770532,61,-
770790,770814,67,+
771955,771990,62,+
772246,772276,65,+
772339,772361,61,+
772720,772765,94,+
772957,772984,58,-
773175,773210,76,-
777541,777568,71,+
777594,777625,84,-
780730,780763,52,-
782174,782198,48,+
782695,782717,79,+
785928,785955,55,-
787340,787356,52,-
787430,787447,69,-
787942,787965,60,+
788735,788759,58,-
788960,789002,55,-
790887,790909,73,+
790938,790974,76,+
791008,791043,78,+
793790,793829,57,-
797538,797560,61,-
801073,801097,48,+
801612,801642,60,+
801666,801707,49,+
802683,802703,73,+
803080,803100,64,+
804432,804453,63,+
807594,807627,63,+
808192,808241,47,+
809165,809187,61,-
809406,809442,71,+
809941,809962,63,-
810038,810082,67,+
810116,810138,89,-
811640,811665,47,+
811984,812001,69,+
812168,812189,48,+
813151,813185,100,+
813680,813703,60,+
813803,813819,52,+
816983,817022,58,+
817058,817104,49,+
819540,819559,112,+
819584,819624,71,-
821698,821733,55,-
822080,822099,49,-
822744,822773,52,-
825087,825124,55,-
828284,828301,50,-
829101,829129,54,+
829604,829642,55,+
831658,831678,64,-
832069,832087,49,-
834077,834108,50,-
834419,834437,67,+
834557,834596,51,+
835831,835860,70,-
835956,835975,49,+
836009,836037,66,+
837253,837288,65,-
842333,842353,48,-
842561,842578,50,-
845968,845992,59,-
847202,847232,68,+
853096,853116,64,+
854152,854186,94,+
854653,854686,74,+
854864,854891,64,+
856373,856394,52,+
856413,856440,66,-
856742,856781,57,+
856878,856893,53,+
857741,857762,49,+
858523,858548,57,+
858792,858828,59,+
859284,859309,57,-
860632,860649,52,-
862350,862373,87,+
862968,862987,49,+
865410,865430,48,+
865498,865516,49,-
866768,866787,47,+
867173,867217,53,+
867281,867309,54,-
867397,867437,58,+
868320,868342,61,+
868924,868955,112,+
871551,871583,75,+
871626,871649,72,-
872611,872651,51,-
873562,873589,89,+
876533,876551,52,+
877599,877635,54,-
878650,878677,66,-
880026,880060,95,+
884311,884343,65,-
884737,884772,48,-
886612,886639,71,+
891301,891326,57,-
892076,892101,57,+
893284,893301,69,+
894366,894389,70,-
894645,894674,98,-
896078,896122,49,+
898000,898021,63,+
902087,902111,59,-
902468,902496,70,+
902541,902572,48,-
903095,903125,79,-
903962,903992,65,-
905403,905429,71,+
907128,907156,80,+
907198,907232,108,+
907782,907797,72,+
908235,908267,51,+
908453,908478,66,+
909417,909456,55,+
909686,909720,108,-
909747,909796,47,-
909995,910014,51,+
910180,910202,61,+
910407,910433,56,+
910579,910619,51,-
911611,911642,112,+
911663,911700,47,-
911954,911978,48,-
912530,912558,85,+
914994,915019,47,+
915036,915056,47,-
915157,915187,51,+
915748,915767,47,+
916201,916234,65,+
916342,916371,98,+
916627,916664,59,+
921322,921338,70,+
921424,921446,48,-
922777,922811,58,-
923480,923506,56,-
925425,925463,56,-
926254,926288,60,+
926884,926911,63,+
926989,927007,51,+
930982,930999,50,+
931701,931722,49,-
931727,931750,72,+
931796,931815,112,-
932331,932354,61,+
932878,932898,47,+
933295,933326,59,+
934027,934050,60,+
935519,935560,50,+
938458,938476,67,+
939092,939125,48,-
939701,939731,60,-
941017,941057,51,+
941085,941114,65,-
944067,944089,48,-
944532,944557,66,+
947897,947916,49,+
948635,948653,67,+
949236,949259,70,+
949557,949590,52,+
949667,949691,59,-
951480,951509,98,+
952123,952144,48,-
952475,952518,53,-
952732,952766,62,-
955385,955427,52,+
956310,956343,48,-
957632,957665,64,+
958932,958952,51,+
959384,959416,65,+
959756,959795,54,+
960462,960498,58,+
961314,961333,47,+
961722,961761,55,-
964213,964244,112,+
966215,966235,64,-
966568,966603,50,+
966888,966929,70,+
971357,971386,52,-
971552,971568,53,+
975102,975119,50,+
977106,977131,75,+
979131,979167,48,+
992188,992222,60,+
993394,993420,68,-
996718,996736,49,+
996765,996793,54,+
998675,998691,52,+
999623,999640,69,+
1000097,1000118,49,+
1001813,1001836,48,-
1002579,1002600,63,+
1005025,1005066,54,-
1005490,1005520,51,-
1005537,1005560,48,+
1007789,1007820,50,+
1008853,1008872,49,+
1008936,1008956,47,+
1010632,1010661,65,+
1013061,1013084,59,+
1018050,1018079,98,-
1018730,1018768,58,+
1020511,1020542,49,+
1021402,1021439,59,+
1021634,1021659,66,-
1022386,1022417,59,+
1023346,1023372,66,+
1024167,1024187,64,+
1024988,1025009,63,+
1025553,1025570,50,+
1025826,1025844,49,-
1025954,1025992,53,+
1026256,1026290,60,-
1026529,1026560,67,+
1026635,1026665,51,-
1028872,1028910,54,+
1029543,1029575,52,-
1030598,1030628,66,+
1031392,1031427,61,+
1031676,1031694,50,+
1032529,1032549,47,+
1036386,1036416,79,+
1036828,1036852,48,+
1041635,1041659,69,-
1041765,1041788,60,-
1042670,1042703,62,+
1042750,1042779,51,-
1042976,1043007,50,-
1043498,1043527,52,+
1049254,1049280,56,-
1050205,1050228,48,-
1050938,1050958,48,-
1051994,1052025,66,-
1052614,1052654,51,-
1052846,1052889,83,-
1052892,1052911,47,-
1055645,1055673,65,-
1057057,1057074,69,+
1057333,1057360,55,+
1059841,1059880,50,-
1061489,1061530,85,-
1061602,1061636,58,-
1061976,1062007,65,-
1062626,1062650,48,-
1063456,1063472,53,+
1063796,1063825,98,+
1064510,1064529,47,-
1065308,1065334,66,-
1066168,1066205,87,+
1066570,1066593,60,-
1067000,1067032,49,-
1067262,1067292,68,+
1070054,1070083,98,-
1070883,1070903,47,+
1071106,1071143,61,+
1072694,1072727,59,+
1072990,1073026,48,+
1073534,1073569,61,+
1073857,1073880,49,+
1074892,1074918,56,+
1075481,1075519,55,+
1075520,1075542,61,-
1076597,1076624,69,-
1080277,1080302,57,-
1082887,1082911,59,-
1083709,1083734,58,-
1084742,1084766,59,-
1085556,1085579,60,+
1085771,1085800,98,+
1089466,1089510,54,+
1091518,1091546,57,+
1091560,1091580,48,+
1093457,1093484,69,-
1094984,1095012,52,+
1095590,1095621,65,+
1096701,1096742,54,+
1098027,1098055,65,+
1099447,1099465,49,+
1100690,1100710,49,+
1102896,1102914,51,+
1103797,1103819,61,+
1105516,1105548,50,-
1107845,1107868,50,+
1109504,1109532,71,-
1110386,1110421,59,-
1112054,1112074,48,+
1112310,1112340,49,+
1116047,1116076,98,-
1116154,1116193,50,-
1119396,1119418,48,+
1120331,1120356,57,+
1122014,1122040,56,+
1124891,1124931,57,-
1125815,1125860,48,-
1133359,1133403,54,+
1133916,1133941,57,+
1139519,1139545,56,-
1139671,1139693,48,+
1141473,1141494,52,+
1143145,1143163,50,+
1143562,1143584,49,+
1143784,1143805,53,+
1143974,1143995,63,+
1144710,1144750,55,+
1145651,1145669,49,+
1147741,1147773,56,-
1148959,1148992,48,-
1150252,1150271,49,+
1150539,1150572,62,-
1150586,1150617,50,-
1151713,1151735,63,+
1153870,1153904,65,+
1160230,1160249,49,+
1165415,1165444,61,-
1166287,1166312,71,+
1167845,1167870,47,-
1167909,1167944,48,+
1168676,1168708,59,+
1169594,1169618,76,+
1173778,1173802,59,+
1176317,1176344,55,-
1178112,1178140,65,+
1178723,1178741,52,+
1179901,1179921,64,+
1181306,1181325,51,+
1182627,1182646,49,+
1183076,1183094,50,+
1183167,1183203,59,+
1183271,1183287,53,+
1183929,1183972,54,+
1187128,1187162,62,+
1189648,1189671,60,+
1190882,1190901,84,+
1193220,1193267,48,+
1195516,1195553,57,+
1196521,1196539,49,-
1197942,1197971,64,-
1198157,1198185,54,+
1198265,1198285,64,+
1198561,1198589,69,+
1199243,1199282,54,+
1199903,1199941,55,-
1200867,1200886,66,+
1203232,1203256,48,+
1208308,1208325,50,+
1210087,1210129,50,+
1212190,1212234,50,+
1213926,1213946,49,+
1216469,1216507,53,+
1219148,1219174,56,-
1219505,1219524,49,-
1220299,1220321,72,+
1220959,1220983,67,+
1223429,1223454,68,+
1224518,1224547,68,+
1225940,1225968,68,+
1226735,1226753,52,-
1228809,1228833,67,+
1229414,1229443,98,+
1229469,1229496,60,-
1229715,1229749,56,+
1229758,1229778,51,-
1231507,1231524,69,+
1231591,1231606,72,-
1231746,1231785,54,+
1232316,1232336,47,-
1236341,1236369,65,-
1237652,1237670,49,+
1240171,1240189,67,+
1240364,1240390,56,+
1241152,1241187,48,-
1243472,1243500,68,+
1244600,1244647,48,-
1246967,1246987,64,+
1252652,1252671,49,+
1253061,1253101,51,+
1255108,1255124,70,+
1255710,1255736,58,+
1256484,1256502,67,-
1258109,1258136,55,+
1264023,1264042,52,-
1264968,1265001,51,-
1265389,1265421,50,-
1265726,1265747,63,+
1267220,1267241,48,+
1270388,1270410,61,-
1272166,1272188,61,-
1280196,1280231,59,+
1280717,1280741,58,+
1282289,1282304,72,+
1282338,1282376,96,-
1284987,1285016,51,-
1286327,1286354,55,+
1288303,1288325,48,+
1289105,1289138,62,+
1289356,1289375,49,+
1289698,1289725,71,+
1294416,1294442,56,+
1295489,1295520,50,+
1298967,1299004,54,+
1300313,1300352,57,+
1301017,1301039,51,+
1303995,1304026,112,+
1304539,1304570,65,+
1306480,1306498,67,+
1309020,1309047,65,+
1309277,1309309,52,+
1310823,1310854,50,-
1311424,1311440,52,+
1311675,1311695,51,+
1313711,1313733,51,+
1314610,1314648,55,-
1315386,1315423,60,-
1319358,1319380,48,-
1331174,1331200,56,-
1331797,1331820,60,+
1334902,1334930,54,+
1337055,1337076,62,+
1339359,1339379,64,+
1342333,1342365,49,-
1344246,1344270,59,+
1344954,1344990,59,+
1345082,1345119,73,+
1346258,1346288,51,+
1348858,1348893,62,-
1351293,1351327,59,+
1352984,1353022,58,-
1354073,1354113,58,-
1356262,1356286,48,+
1356945,1356969,69,+
1357483,1357518,59,+
1358901,1358922,63,+
1361720,1361752,52,+
1361840,1361857,52,+
1362110,1362136,64,+
1362175,1362204,52,+
1362933,1362967,58,+
1364477,1364500,48,+
1366515,1366544,52,+
1368227,1368259,78,+
1369688,1369704,52,+
1370437,1370460,60,+
1370649,1370666,52,+
1373142,1373169,71,+
1376786,1376809,60,-
1377878,1377909,65,+
1378584,1378620,52,+
1384578,1384623,52,+
1385658,1385681,49,-
1387698,1387738,51,+
1388772,1388808,74,-
1388877,1388898,109,+
1388949,1388968,112,-
1391381,1391401,64,-
1391762,1391806,52,+
1391833,1391861,80,+
1392136,1392166,68,+
1393234,1393263,98,+
1394108,1394137,52,+
1394607,1394627,47,-
1398514,1398543,98,-
1399202,1399223,48,+
1399748,1399774,56,-
1400023,1400042,51,+
1402221,1402239,67,+
1402544,1402578,64,+
1404178,1404219,68,+
1404292,1404321,98,+
1404553,1404583,66,+
1404742,1404762,51,-
1406641,1406670,52,-
1408225,1408247,61,-
1410150,1410190,54,+
1410815,1410844,68,-
1410933,1410967,56,-
1411222,1411252,49,+
1411988,1412009,49,-
1412350,1412374,48,-
1415180,1415205,57,+
1416408,1416437,71,+
1419181,1419217,59,+
1420606,1420628,61,+
1422092,1422120,52,+
1422183,1422203,48,+
1422317,1422357,55,+
1422863,1422880,52,+
1425586,1425613,58,+
1425653,1425677,59,-
1428722,1428743,63,+
1430135,1430154,51,+
1431380,1431399,47,+
1433398,1433427,65,-
1433554,1433581,55,-
1435127,1435146,49,+
1436894,1436919,75,+
1437309,1437355,48,-
1437371,1437410,86,-
1437594,1437621,60,+
1437647,1437676,98,-
1441157,1441178,63,+
1442760,1442804,48,-
1443423,1443462,71,+
1443815,1443832,69,-
1444541,1444566,67,+
1444984,1445024,50,+
1447130,1447149,66,-
1447183,1447205,62,+
1448989,1449013,60,-
1449604,1449646,50,-
1449810,1449844,58,+
1450147,1450164,50,+
1451110,1451134,76,+
1451239,1451258,47,+
1451757,1451782,69,+
1452595,1452622,71,+
1453131,1453148,50,+
1458590,1458622,49,+
1458880,1458900,52,+
1459669,1459690,49,+
1460796,1460816,64,+
1464629,1464652,49,+
1465199,1465219,47,+
1468619,1468641,61,-
1468712,1468740,66,-
1472093,1472116,48,+
1481995,1482022,88,+
1485424,1485456,50,+
1485834,1485855,63,-
1486757,1486779,61,-
1496149,1496178,98,+
1496204,1496233,71,-
1496767,1496801,51,-
1497240,1497270,51,-
1498373,1498396,72,+
1500147,1500166,49,-
1505736,1505772,58,-
1506003,1506032,65,+
1506698,1506729,51,-
1509665,1509700,65,+
1510667,1510688,51,+
1513189,1513221,49,+
1516103,1516146,49,+
1516202,1516219,50,+
1516807,1516830,49,+
1517536,1517560,89,+
1518113,1518156,48,+
1519017,1519037,47,+
1525292,1525312,73,+
1525333,1525364,62,+
1528645,1528665,64,-
1530662,1530684,48,-
1531346,1531374,54,+
1537873,1537902,58,+
1538908,1538926,49,-
1539846,1539884,57,+
1544383,1544417,47,-
1545698,1545724,55,+
1548001,1548031,54,+
1553138,1553164,56,-
1553407,1553438,50,-
1553928,1553969,54,+
1554049,1554070,63,-
1555064,1555089,47,-
1555518,1555556,58,-
1555824,1555858,61,+
1556058,1556079,62,+
1556494,1556515,49,+
1558785,1558805,47,+
1560050,1560074,58,+
1562842,1562882,71,+
1564019,1564036,69,+
1564287,1564326,50,+
1565447,1565476,98,-
1570669,1570693,48,+
1570711,1570744,64,+
1571532,1571564,66,+
1572191,1572213,51,+
1572643,1572684,53,-
1574721,1574753,62,-
1575073,1575115,54,+
1575457,1575477,47,+
1578132,1578157,57,+
1580850,1580870,92,+
1582693,1582721,53,+
1583722,1583747,71,+
1584116,1584134,49,+
1585296,1585327,57,+
1585623,1585652,52,+
1586271,1586305,75,+
1587421,1587454,47,+
1588960,1588999,58,+
1589828,1589859,49,+
1589921,1589943,61,+
1590046,1590078,50,-
1590410,1590437,71,-
1594326,1594345,47,+
1596207,1596231,48,+
1596674,1596705,49,-
1597821,1597847,56,+
1600424,1600441,50,+
1600806,1600837,83,+
1605906,1605925,47,+
1614513,1614548,58,-
1616106,1616137,62,-
1616356,1616382,64,+
1616421,1616444,60,+
1617917,1617947,67,+
1620378,1620404,56,+
1621350,1621370,110,+
1623140,1623162,48,+
1623746,1623778,49,-
1628484,1628510,58,+
1628842,1628859,52,-
1628973,1628991,49,+
1629224,1629254,51,+
1631557,1631585,68,+
1632105,1632145,55,+
1635979,1636003,71,+
1636448,1636475,66,+
1636933,1636965,59,-
1637937,1637961,59,+
1638391,1638429,59,+
1639413,1639442,80,+
1639671,1639697,70,+
1639811,1639844,47,+
1641493,1641527,62,+
1644032,1644050,49,-
1646827,1646863,59,+
1648654,1648683,52,+
1650683,1650720,47,+
1656916,1656940,71,+
1657774,1657812,58,+
1658103,1658135,65,+
1660502,1660522,110,+
1660558,1660589,95,-
1660908,1660940,66,-
1661096,1661115,49,+
1661178,1661195,50,-
1661553,1661589,47,+
1662584,1662602,51,+
1663662,1663694,68,+
1664868,1664888,48,+
1666591,1666618,55,+
1669378,1669415,58,+
1672834,1672856,61,+
1672908,1672949,58,+
1673501,1673519,49,-
1677362,1677388,56,+
1677697,1677722,57,+
1680419,1680437,49,+
1681506,1681523,50,-
1683971,1684003,79,+
1684011,1684042,107,+
1684047,1684069,61,+
1685506,1685523,50,-
1686542,1686582,58,-
1686650,1686671,64,+
1688454,1688495,57,-
1689213,1689254,58,-
1691193,1691215,49,+
1694632,1694657,56,-
1694672,1694705,51,-
1695888,1695907,47,+
1697643,1697681,58,+
1700430,1700459,80,+
1703141,1703162,63,+
1707702,1707723,63,+
1708716,1708751,61,-
1709049,1709078,52,-
1709472,1709495,70,+
1710042,1710071,52,+
1711347,1711368,48,-
1712339,1712359,49,+
1716423,1716454,50,+
1719178,1719207,52,-
1720379,1720407,70,-
1726067,1726105,55,+
1730755,1730777,97,+
1731489,1731520,50,-
1732591,1732622,62,+
1733360,1733389,52,+
1734648,1734670,48,+
1736375,1736407,62,+
1737604,1737623,66,+
1737789,1737812,48,+
1739361,1739394,92,+
1743853,1743886,47,-
1745169,1745186,69,+
1746354,1746377,48,-
1747065,1747086,72,+
1748431,1748462,50,-
1752363,1752391,53,+
1752707,1752734,57,-
1752815,1752852,47,+
1753185,1753209,59,+
1753272,1753320,48,+
1753346,1753373,55,+
1755874,1755903,52,-
1758169,1758203,51,+
1758486,1758517,64,+
1761474,1761517,53,+
1764703,1764737,61,+
1765161,1765190,68,+
1774731,1774769,57,+
1783661,1783683,51,-
1783776,1783805,57,-
1784164,1784185,49,-
1785338,1785361,49,+
1792775,1792794,66,+
1793462,1793488,61,+
1796179,1796198,47,+
1796593,1796625,51,+
1800613,1800637,59,+
1800803,1800833,49,+
1804182,1804213,50,+
1811831,1811875,48,+
1814944,1814962,49,+
1815977,1816000,49,+
1823166,1823194,66,+
1823918,1823944,72,+
1824559,1824595,57,+
1827576,1827606,59,+
1831360,1831377,50,-
1832365,1832388,61,+
1833880,1833911,50,-
1834155,1834180,57,+
1837125,1837154,52,-
1840747,1840778,64,+
1842333,1842377,63,+
1842403,1842428,47,+
1843433,1843454,48,-
1844766,1844803,47,-
1850629,1850659,63,-
1851205,1851234,52,+
1854594,1854620,68,+
1855460,1855490,63,+
1858543,1858563,47,+
1861634,1861666,62,+
1864590,1864605,53,+
1868522,1868555,52,+
1869738,1869777,55,-
1876662,1876686,48,+
1877264,1877284,64,+
1877685,1877716,50,+
1889189,1889210,48,-
1891198,1891229,55,-
1893324,1893343,51,+
1893877,1893907,68,+
1894593,1894629,58,+
1895058,1895086,54,-
1895453,1895477,59,-
1896853,1896879,101,+
1899598,1899624,56,+
1904315,1904335,48,+
1906487,1906511,59,+
1906856,1906892,65,-
1911244,1911266,51,+
1913478,1913501,48,+
1914672,1914699,61,+
1917163,1917201,57,+
1918644,1918683,87,-
1919705,1919732,65,+
1920061,1920080,47,+
1921812,1921839,66,+
1925955,1925974,47,-
1928422,1928460,58,+
1930169,1930193,59,-
1931517,1931536,49,+
1933024,1933047,48,+
1933244,1933266,61,+
1934845,1934878,47,+
1935809,1935838,52,-
1938468,1938501,58,-
1941949,1941974,71,+
1943532,1943551,49,-
1944825,1944855,52,+
1946571,1946595,48,-
1949240,1949266,56,+
1951248,1951290,53,-
1952085,1952118,52,-
1956826,1956868,52,-
1957101,1957123,48,-
1957716,1957747,50,+
1958137,1958157,64,+
1958529,1958548,66,-
1963063,1963084,63,-
1963493,1963515,51,+
1972114,1972133,47,+
1972203,1972228,57,+
1972402,1972420,52,+
1974073,1974094,49,+
1981435,1981462,55,+
1986144,1986161,52,+
1989141,1989183,54,-
1990039,1990074,60,-
1990677,1990704,69,+
1992408,1992437,66,+
1997382,1997410,54,+
2005081,2005101,48,+
2005518,2005536,49,+
2005541,2005586,50,+
2012057,2012076,47,-
2012443,2012461,49,+
2014312,2014338,56,+
2015050,2015075,47,+
2017558,2017578,49,+
2019937,2019964,71,+
2022961,2022986,56,+
2025861,2025882,48,+
2032654,2032675,48,+
2041558,2041590,49,-
2043423,2043439,52,+
2045011,2045041,49,+
2046586,2046631,49,+
2047766,2047785,47,+
2047817,2047850,59,+
2048253,2048272,49,+
2052397,2052420,60,+
2053143,2053166,72,+
2054364,2054382,49,+
2063437,2063459,63,+
2064030,2064061,49,+
2064250,2064269,47,-
2066363,2066391,54,+
2068566,2068589,60,+
2069774,2069792,49,+
2070525,2070555,65,+
2070706,2070737,62,+
2075473,2075493,64,+
2080595,2080620,57,+
2083345,2083368,60,+
2096673,2096692,47,+
2098274,2098312,54,+
2099981,2100005,48,-
2100078,2100116,98,+
2101004,2101041,57,+
2101402,2101434,82,+
2102060,2102081,63,+
2102206,2102227,48,+
2105007,2105040,59,+
2110500,2110517,50,+
2116002,2116025,49,-
2117685,2117721,48,+
2121859,2121880,62,+
2122242,2122281,58,+
2122613,2122642,63,+
2128157,2128191,61,+
2129431,2129459,54,+
2129491,2129520,98,+
2129812,2129848,64,+
2130513,2130538,47,+
2130781,2130810,52,-
2131779,2131805,71,+
2132648,2132675,55,+
2133023,2133044,49,-
2133981,2134001,48,+
2134341,2134377,56,-
2134391,2134426,65,-
2143394,2143423,57,-
2143435,2143471,64,-
2146029,2146068,54,-
2147216,2147253,58,+
2153850,2153882,49,+
2153957,2153972,72,+
2163069,2163095,56,-
2164666,2164683,50,+
2165115,2165142,57,+
2166902,2166939,70,-
2167092,2167121,85,+
2169093,2169112,49,-
2172166,2172204,50,+
2173382,2173401,49,+
2174792,2174811,66,+
2176676,2176713,64,+
2178246,2178279,48,-
2180990,2181033,49,+
2189048,2189079,68,+
2192352,2192383,62,+
2194560,2194578,49,-
2195754,2195790,55,+
2199788,2199810,61,+
2201455,2201489,65,-
2203410,2203452,52,+
2205046,2205070,64,+
2209078,2209097,49,-
2209637,2209655,49,-
2218903,2218924,51,-
2220438,2220463,57,-
2226483,2226500,52,-
2227930,2227959,52,-
2229765,2229789,59,-
2230330,2230363,64,-
2232297,2232316,49,-
2233106,2233138,54,+
2235272,2235289,50,-
2241001,2241018,50,-
2241328,2241364,48,-
2246827,2246847,49,-
2247443,2247471,66,+
2247634,2247666,62,-
2248323,2248342,47,-
2251055,2251084,51,-
2254628,2254660,62,-
2256596,2256634,55,-
2262450,2262484,60,+
2267368,2267391,49,-
2267620,2267653,64,-
2267954,2267974,49,-
2268255,2268298,53,+
2270720,2270738,50,-
2271220,2271243,63,+
2273020,2273055,59,-
2273952,2273992,53,-
2277281,2277313,62,+
2277793,2277838,48,-
2278526,2278556,54,-
2281958,2281977,66,-
2287020,2287037,50,-
2288499,2288527,65,-
2291897,2291936,49,+
2292329,2292355,56,-
2294181,2294218,56,+
2294728,2294770,55,-
2295811,2295838,53,+
2304669,2304707,57,-
2305266,2305284,67,-
2305434,2305455,51,-
2306159,2306184,57,-
2308390,2308415,72,-
2308642,2308678,54,-
2313125,2313145,47,+
2313455,2313471,70,-
2314051,2314076,47,-
2314888,2314910,48,-
2319835,2319852,69,+
2320674,2320693,51,-
2322693,2322712,47,-
2329671,2329689,51,-
2330023,2330044,63,+
2330965,2330983,50,-
2334975,2335010,64,-
2337383,2337414,54,-
2337422,2337440,67,+
2337486,2337505,84,-
2337826,2337865,86,-
2339200,2339231,50,+
2344557,2344586,66,-
2348329,2348359,51,-
2351094,2351120,56,+
2352140,2352170,63,+
2352529,2352547,50,+
2357564,2357584,47,-
2360720,2360743,60,+
2368415,2368448,48,+
2368894,2368919,56,-
2369325,2369358,61,-
2370747,2370767,47,+
2371842,2371871,52,+
2375826,2375869,93,-
2377212,2377231,47,-
2378950,2378974,60,-
2379585,2379621,54,-
2379764,2379804,102,-
2382562,2382593,54,+
2385352,2385382,62,-
2387138,2387158,49,-
2387989,2388012,60,-
2394328,2394349,48,-
2395931,2395953,51,-
2398105,2398142,53,-
2401414,2401440,64,-
2402426,2402459,65,-
2404396,2404422,56,-
2404604,2404621,50,-
2404866,2404883,50,+
2406169,2406187,52,+
2407549,2407579,85,-
2414769,2414799,51,-
2415230,2415250,47,+
2415480,2415504,48,+
2417509,2417556,49,-
2422344,2422368,59,+
2425581,2425620,54,-
2439855,2439888,62,+
2440204,2440227,48,-
2442364,2442394,51,-
2452693,2452725,49,-
2455755,2455776,53,-
2464516,2464550,80,-
2465545,2465581,61,-
2472207,2472226,49,-
2474102,2474125,60,-
2475184,2475224,50,+
2475441,2475470,52,+
2475635,2475670,67,-
2475741,2475788,87,-
2476014,2476039,57,-
2476429,2476457,60,-
2477581,2477603,61,-
2478164,2478209,89,-
2478402,2478429,60,+
2478455,2478484,98,-
2478515,2478560,50,-
2478910,2478934,86,-
2479184,2479214,51,+
2479574,2479618,53,-
2479727,2479759,64,-
2479847,2479872,57,+
2481223,2481261,86,-
2481442,2481472,66,+
2481692,2481716,48,+
2481980,2482006,73,+
2482783,2482799,70,-
2483292,2483315,60,-
2485354,2485372,49,-
2485644,2485662,49,-
2487326,2487350,48,-
2488367,2488398,67,-
2490847,2490873,69,-
2491427,2491456,52,-
2492648,2492671,48,-
2493114,2493134,47,+
2494697,2494726,68,-
2494954,2494973,47,-
2495616,2495655,99,-
2496719,2496749,57,-
2500456,2500472,52,-
2501742,2501762,51,+
2506395,2506412,50,-
2506898,2506939,52,-
2510417,2510455,55,-
2510927,2510945,50,-
2511457,2511484,55,-
2512678,2512713,58,-
2513154,2513175,48,-
2515327,2515355,54,-
2515938,2515957,49,+
2519930,2519952,61,+
2520682,2520705,48,+
2520858,2520881,49,-
2521514,2521531,69,-
2521955,2521970,53,-
2522743,2522759,53,-
2527795,2527810,72,-
2529920,2529947,65,-
2530048,2530074,66,-
2530529,2530547,49,-
2536829,2536861,57,-
2537790,2537819,54,-
2538156,2538192,61,-
2539038,2539057,47,-
2541468,2541494,58,+
2543518,2543541,61,-
2544014,2544053,49,-
2546361,2546389,65,-
2546904,2546932,54,-
2551734,2551777,53,-
2565493,2565511,49,+
2567696,2567719,89,-
2569018,2569034,53,-
2569688,2569719,55,+
2570792,2570811,51,-
2571043,2571068,57,-
2579571,2579592,48,-
2581956,2581976,48,-
2582370,2582399,52,-
2582823,2582843,64,-
2590302,2590320,50,-
2596977,2597010,52,+
2599279,2599306,55,-
2600380,2600427,49,-
2604785,2604807,49,+
2606413,2606456,55,-
2606547,2606572,57,+
2606612,2606636,48,+
2607390,2607417,53,+
2608937,2608955,67,+
2611566,2611594,53,-
2611875,2611908,78,-
2613430,2613466,62,-
2613724,2613742,49,-
2613994,2614017,49,+
2616072,2616096,58,-
2617442,2617471,52,-
2617754,2617783,52,-
2620563,2620581,49,-
2621851,2621891,53,-
2622726,2622752,56,+
2623506,2623542,57,-
2628569,2628590,48,+
2628861,2628886,70,-
2630967,2630990,60,+
2631203,2631237,51,+
2633900,2633924,58,+
2634779,2634804,47,+
2635266,2635291,47,-
2641412,2641443,70,-
2641947,2641966,47,-
2643195,2643233,57,+
2644592,2644615,49,+
2653997,2654033,56,-
2655003,2655026,60,-
2656057,2656075,50,-
2656298,2656324,56,-
2658994,2659019,84,-
2659889,2659920,50,-
2663198,2663241,49,-
2666239,2666275,59,+
2668871,2668892,81,-
2671508,2671531,48,-
2671716,2671752,57,+
2673240,2673256,52,-
2673281,2673309,52,-
2676872,2676898,71,-
2677311,2677333,48,-
2683655,2683683,54,-
2687908,2687935,55,+
2688142,2688176,75,-
2688975,2689000,57,-
2694328,2694369,53,-
2699893,2699926,79,-
2702222,2702258,52,+
2702556,2702576,49,+
2703565,2703593,67,+
2704379,2704401,48,-
2705373,2705393,47,+
2705631,2705650,66,+
2708139,2708164,57,-
2708917,2708935,51,-
2709369,2709404,61,+
2709815,2709848,52,-
2710768,2710788,92,-
2710853,2710883,55,+
2711272,2711294,61,+
2711615,2711650,59,-
2711700,2711717,50,+
2712261,2712300,57,-
2714772,2714796,48,+
2715038,2715071,76,+
2715232,2715261,52,+
2715963,2715993,59,+
2717114,2717154,57,+
2719957,2719997,98,+
2721138,2721161,48,-
2721334,2721367,67,-
2721466,2721490,61,-
2722233,2722261,83,-
2724022,2724059,58,+
2724533,2724552,47,-
2727919,2727939,64,+
2728657,2728678,73,-
2729557,2729581,58,-
2730782,2730809,63,-
2730873,2730902,63,-
2731410,2731440,83,-
2732876,2732893,50,+
2734166,2734189,60,+
2734427,2734473,50,+
2734505,2734539,59,-
2735967,2735988,63,-
2737178,2737211,48,+
2737307,2737355,48,-
2738125,2738143,49,-
2739226,2739260,59,-
2739446,2739467,48,+
2740822,2740853,77,-
2741008,2741027,47,-
2741816,2741834,50,-
2742916,2742944,54,-
2746643,2746672,52,-
2746955,2746984,52,-
2747022,2747059,47,-
2747898,2747930,48,+
2749134,2749165,59,-
2749798,2749822,48,+
2753023,2753065,55,-
2753907,2753935,54,-
2754695,2754724,52,+
2759165,2759197,49,-
2759325,2759343,49,-
2759615,2759638,50,-
2763877,2763913,47,+
2767766,2767791,66,-
2772639,2772665,68,-
2772974,2773015,52,-
2776522,2776552,54,-
2777023,2777043,48,-
2777220,2777254,64,-
2780921,2780945,48,-
2784975,2785003,71,-
2786234,2786261,61,+
2794118,2794143,47,-
2798589,2798636,49,-
2798934,2798959,84,-
2801242,2801270,69,-
2802639,2802660,48,-
2803426,2803446,51,+
2803644,2803663,66,-
2805877,2805911,59,-
2807684,2807727,54,+
2808185,2808217,62,-
2809240,2809279,50,+
2809401,2809423,61,+
2809727,2809759,65,-
2810500,2810537,55,-
2811344,2811368,71,-
2811879,2811908,52,+
2813279,2813315,65,-
2814739,2814766,57,+
2814923,2814948,70,-
2817775,2817794,49,-
2817904,2817933,52,+
2818809,2818850,53,-
2819321,2819355,55,+
2819402,2819446,52,+
2819539,2819560,49,-
2819788,2819805,52,-
2819892,2819911,47,-
2821352,2821388,54,+
2821722,2821745,49,-
2821909,2821949,98,-
2821991,2822016,66,-
2823497,2823530,95,-
2824861,2824889,54,-
2826850,2826874,48,+
2828778,2828805,55,-
2831201,2831222,51,-
2833289,2833327,50,+
2834861,2834897,58,+
2835950,2835975,47,-
2839196,2839225,69,-
2839852,2839870,52,-
2843716,2843753,54,+
2844533,2844559,56,-
2848436,2848462,71,-
2848613,2848643,60,-
2849925,2849959,58,+
2852924,2852963,53,-
2853286,2853326,68,-
2854011,2854030,47,+
2855876,2855900,48,-
2856781,2856812,59,-
2859779,2859820,51,+
2862843,2862862,47,+
2864362,2864397,54,+
2868825,2868848,48,-
2871496,2871526,51,-
2872598,2872618,64,-
2874371,2874404,52,-
2878309,2878326,50,-
2878437,2878460,87,+
2879179,2879206,55,-
2885282,2885324,55,-
2887204,2887225,48,+
2889618,2889637,49,-
2890404,2890424,47,-
2891810,2891836,57,+
2894796,2894821,47,+
2895004,2895035,52,+
2900850,2900883,48,-
2902873,2902911,54,+
2908037,2908055,50,-
2910425,2910456,50,+
2911764,2911789,47,-
2913232,2913268,76,-
2917981,2918006,47,-
2918049,2918069,48,+
2919630,2919652,61,-
2921576,2921613,70,-
2921726,2921755,52,-
2921860,2921893,62,-
2922690,2922711,48,-
2924449,2924472,60,-
2924860,2924880,64,-
2926803,2926836,52,-
2927207,2927228,63,-
2929157,2929189,49,+
2930371,2930395,61,-
2931423,2931451,54,+
2932596,2932620,69,+
2936157,2936180,60,-
2938604,2938632,54,-
2938787,2938806,49,-
2939905,2939942,76,-
2940525,2940546,92,-
2942397,2942435,57,-
2944128,2944157,52,+
2945061,2945094,61,+
2945774,2945802,52,+
2946570,2946598,54,+
2949350,2949384,62,-
2953100,2953119,47,+
2953654,2953677,48,-
2954234,2954263,70,-
2954304,2954333,60,-
2956269,2956290,48,-
2956710,2956753,53,+
2957154,2957178,86,-
2957797,2957832,56,-
2959615,2959657,52,+
2960733,2960750,52,+
2961921,2961950,65,-
2962087,2962127,54,-
2963255,2963276,63,-
2964472,2964517,47,+
2965248,2965267,66,-
2966336,2966358,61,-
2967961,2967994,63,+
2970016,2970037,62,-
2971188,2971206,50,+
2982096,2982123,55,+
2983112,2983128,53,-
2983238,2983256,67,-
2983815,2983835,47,-
2984451,2984477,56,+
2985391,2985420,61,-
2991054,2991074,47,-
2992827,2992857,54,-
2997161,2997203,49,-
2997814,2997851,47,-
3002061,3002089,52,-
3002840,3002881,50,+
3003809,3003843,64,+
3005931,3005954,60,-
3007254,3007287,48,+
3007446,3007465,49,+
3009507,3009531,48,-
3013226,3013244,50,-
3015334,3015379,48,-
3015457,3015500,48,+
3018609,3018636,60,-
3025863,3025894,65,-
3026717,3026740,50,+
3028441,3028480,83,+
3030181,3030208,55,-
3032547,3032575,71,-
3032636,3032668,78,-
3032774,3032807,61,-
3034842,3034868,56,-
3035300,3035327,55,-
3035710,3035749,86,-
3035917,3035944,55,-
3038500,3038525,57,-
3038690,3038729,57,-
3038953,3038973,49,-
3039022,3039053,66,-
3039970,3039996,56,-
3040812,3040836,48,-
3042426,3042456,51,+
3042500,3042515,53,-
3042737,3042765,65,+
3042906,3042922,52,-
3043945,3043982,74,-
3045742,3045775,48,-
3046993,3047022,68,-
3048012,3048033,49,-
3049528,3049557,98,-
3050219,3050247,54,-
3050593,3050618,47,-
3051181,3051214,50,-
3051492,3051509,50,-
3053695,3053715,49,+
3054416,3054445,70,-
3054736,3054760,48,-
3055512,3055531,47,-
3057781,3057802,49,-
3061656,3061686,66,-
3061804,3061831,66,-
3062241,3062260,47,+
3062368,3062387,66,-
3064611,3064652,53,-
3068779,3068800,48,+
3070269,3070287,50,+
3070354,3070373,49,-
3071630,3071655,72,+
3072232,3072254,62,-
3074101,3074147,48,+
3074929,3074959,63,-
3075962,3075984,49,-
3082068,3082098,54,+
3083418,3083456,74,-
3084730,3084749,51,-
3085210,3085232,49,-
3092605,3092626,48,-
3092909,3092927,50,-
3095897,3095914,50,-
3098629,3098657,54,+
3100628,3100671,55,-
3100874,3100908,76,-
3101305,3101338,63,-
3105054,3105085,67,-
3105700,3105731,60,+
3106479,3106510,64,+
3108489,3108512,50,-
3110856,3110886,66,-
3112794,3112833,54,-
3113373,3113397,59,-
3116070,3116097,55,+
3119473,3119509,76,-
3122237,3122259,61,-
3123100,3123118,49,-
3124214,3124244,68,-
3129108,3129135,55,-
3130171,3130203,62,-
3133012,3133043,60,-
3133500,3133532,62,-
3135426,3135452,56,-
3135847,3135885,58,-
3136052,3136081,71,-
3136217,3136242,57,-
3137325,3137354,52,+
3138616,3138640,48,-
3138682,3138719,57,-
3142158,3142179,48,+
3145470,3145497,69,-
3146561,3146581,52,-
3147178,3147201,78,-
3148625,3148648,60,-
3151167,3151186,49,+
3151612,3151632,47,-
3152245,3152276,50,-
3152379,3152407,53,-
3153841,3153868,57,+
3155105,3155128,87,-
3156848,3156871,49,-
3157180,3157200,47,+
3158756,3158799,49,-
3159363,3159392,57,-
3159403,3159432,63,+
3160653,3160683,54,+
3160815,3160845,63,-
3162317,3162348,51,+
3162993,3163020,68,-
3163254,3163291,59,+
3163603,3163646,52,+
3165577,3165601,48,-
3166591,3166633,47,-
3168589,3168622,50,-
3169510,3169533,60,-
3171777,3171808,51,-
3174536,3174554,49,+
3174556,3174590,56,-
3175924,3175948,48,-
3176654,3176673,47,-
3177878,3177897,66,+
3180082,3180105,49,+
3181167,3181193,112,-
3181360,3181387,55,-
3183742,3183763,49,+
3185953,3185983,77,+
3186493,3186527,58,+
3187549,3187571,51,+
3189978,3189998,49,-
3193438,3193456,52,-
3195056,3195081,47,-
3197456,3197500,50,-
3197666,3197698,62,-
3198055,3198084,65,-
3201496,3201527,62,-
3201822,3201853,82,-
3202931,3202962,51,-
3203577,3203610,61,-
3206841,3206869,63,-
3208905,3208944,59,+
3209595,3209635,50,-
3212347,3212366,47,-
3212568,3212592,59,-
3212831,3212851,47,+
3213996,3214015,49,-
3214570,3214605,47,-
3217399,3217423,61,-
3217573,3217613,58,-
3218143,3218173,51,-
3221671,3221690,65,-
3222708,3222730,48,+
3224306,3224330,59,+
3224487,3224507,49,+
3225292,3225310,49,-
3225485,3225511,69,-
3225706,3225729,60,-
3228255,3228276,49,-
3228512,3228555,50,+
3228583,3228600,69,-
3228688,3228706,49,+
3230544,3230568,59,+
3230976,3230997,63,-
3231094,3231119,47,-
3233534,3233568,50,-
3235535,3235567,54,+
3235983,3236003,92,-
3236828,3236855,72,-
3242230,3242251,62,-
3245763,3245780,69,-
3249517,3249546,52,-
3249986,3250018,50,+
3251545,3251575,51,-
3251972,3252012,55,+
3252018,3252051,60,-
3253373,3253412,59,-
3254491,3254520,58,+
3256202,3256243,50,-
3256883,3256919,48,-
3257146,3257178,78,-
3258774,3258807,97,+
3260474,3260506,106,-
3260512,3260549,47,-
3260615,3260650,64,-
3261323,3261360,52,-
3261565,3261606,52,-
3262438,3262456,67,-
3262895,3262927,59,-
3262980,3263002,72,-
3264781,3264800,49,+
3268732,3268770,74,+
3269139,3269169,68,-
3269800,3269828,67,-
3273974,3273995,48,-
3276434,3276464,51,-
3276490,3276511,53,-
3276835,3276878,49,-
3279084,3279127,49,+
3280564,3280587,49,-
3283341,3283378,47,+
3284762,3284794,62,-
3289171,3289195,48,-
3289823,3289850,55,-
3291110,3291138,55,-
3292101,3292121,47,-
3296134,3296154,47,+
3300769,3300812,49,+
3302607,3302626,49,+
3304511,3304542,67,-
3305182,3305214,48,-
3306877,3306906,65,+
3309095,3309118,49,-
3309193,3309218,47,+
3310908,3310940,68,-
3312790,3312837,47,-
3314459,3314476,50,-
3315088,3315111,48,-
3319538,3319557,47,+
3326738,3326773,47,-
3329432,3329462,51,-
3335843,3335869,56,-
3340356,3340400,47,+
3341549,3341572,63,-
3342760,3342778,51,+
3346424,3346465,52,-
3346945,3346988,53,-
3347128,3347156,58,-
3353520,3353545,58,-
3354399,3354420,63,-
3359560,3359593,59,-
3363107,3363135,54,+
3363490,3363508,113,+
3363600,3363631,60,-
3366332,3366350,50,+
3367957,3367979,51,+
3368911,3368941,51,+
3370609,3370642,48,-
3374974,3374994,47,-
3375230,3375249,51,-
3376746,3376766,47,-
3376952,3376973,48,+
3377033,3377066,48,-
3377081,3377123,48,-
3378646,3378668,48,-
3379197,3379237,49,-
3379344,3379365,63,-
3380505,3380531,56,-
3382128,3382160,54,-
3390663,3390689,66,-
3390733,3390760,55,-
3390794,3390837,68,-
3394434,3394454,49,-
3398636,3398666,71,-
3400453,3400479,56,+
3402305,3402332,71,-
3402465,3402498,56,-
3402796,3402836,54,+
3404205,3404240,59,-
3404278,3404298,64,-
3408501,3408529,69,+
3408544,3408580,61,+
3411834,3411862,54,-
3417538,3417573,65,-
3417988,3418022,50,-
3419401,3419428,71,-
3420876,3420908,52,+
3421448,3421466,67,+
3423969,3424000,67,-
3426921,3426950,54,-
3430488,3430513,57,+
3430652,3430691,70,-
3431425,3431457,64,+
3432875,3432902,61,-
3433718,3433737,49,-
3439130,3439160,97,-
3440593,3440625,67,-
3441023,3441046,60,-
3441355,3441391,52,-
3445397,3445430,56,-
3447636,3447658,51,-
3448687,3448707,47,-
3450920,3450943,48,+
3451305,3451324,66,-
3452791,3452810,49,+
3453354,3453386,54,-
3454101,3454123,48,-
3454329,3454362,62,-
3460827,3460844,69,-
3463360,3463379,47,-
3464464,3464492,54,-
3465146,3465175,66,-
3465938,3465975,91,-
3466176,3466210,54,-
3467009,3467040,59,+
3468146,3468166,64,-
3469769,3469800,62,+
3471408,3471427,47,-
3474682,3474707,57,-
3475698,3475721,59,+
3476058,3476078,47,-
3478186,3478217,59,+
3479283,3479313,67,-
3479520,3479553,63,-
3480161,3480186,47,-
3482140,3482174,68,+
3489481,3489505,59,+
3491056,3491099,52,-
3493666,3493708,50,+
3494591,3494625,59,-
3498259,3498283,48,-
3501022,3501046,48,-
3501412,3501447,48,-
3501674,3501691,50,-
3510279,3510306,112,-
3514206,3514229,61,+
3515438,3515461,49,+
3515577,3515603,56,-
3517638,3517674,53,-
3519219,3519236,50,+
3523612,3523631,49,-
3524062,3524092,79,-
3527397,3527421,59,+
3527625,3527649,59,-
3527902,3527929,55,-
3528993,3529032,54,-
3529307,3529332,57,-
3532627,3532656,52,+
3532682,3532707,67,-
3533813,3533828,53,-
3535291,3535308,50,-
3535660,3535691,67,-
3536282,3536309,58,-
3541938,3541975,88,-
3541988,3542020,94,-
3543034,3543065,65,-
3543076,3543095,47,+
3543509,3543535,56,+
3543761,3543788,53,+
3544032,3544073,68,-
3544223,3544241,67,+
3544515,3544542,55,+
3544545,3544583,73,+
3544623,3544643,48,+
3545166,3545209,49,-
3545922,3545960,54,-
3547267,3547289,61,-
3547923,3547942,49,-
3548927,3548955,65,-
3554391,3554418,68,-
3555595,3555623,66,-
3555704,3555733,57,-
3558243,3558258,53,+
3561285,3561318,62,+
3561636,3561653,50,-
3565493,3565529,54,-
3572881,3572903,49,-
3577007,3577053,52,+
3580967,3580985,50,-
3582720,3582750,60,-
3587754,3587774,47,+
3588096,3588122,58,-
3589156,3589194,62,+
3591568,3591593,47,-
3592027,3592050,60,-
3592260,3592294,59,-
3593313,3593332,66,-
3593895,3593918,60,-
3594258,3594283,47,-
3595881,3595897,52,-
3596362,3596392,49,-
3600923,3600955,67,+
3601612,3601643,50,+
3602531,3602555,59,-
3607048,3607085,57,+
3610482,3610507,57,-
3612196,3612230,60,+
3612708,3612727,65,+
3612958,3612974,52,-
3613775,3613794,47,+
3615651,3615696,79,-
3615982,3616001,49,-
3616394,3616421,66,-
3618866,3618886,73,+
3619094,3619115,63,-
3619666,3619704,62,-
3620488,3620531,54,-
3620910,3620933,49,-
3622244,3622264,51,-
3624128,3624149,63,-
3625537,3625558,48,+
3627983,3628012,52,-
3629203,3629235,50,+
3631453,3631481,54,-
3634176,3634194,49,-
3638058,3638089,63,-
3639825,3639842,69,+
3639879,3639909,97,-
3639977,3640002,67,+
3647679,3647703,59,-
3648309,3648338,58,-
3649121,3649150,98,-
3652224,3652261,57,+
3661209,3661237,65,-
3661802,3661824,61,-
3663168,3663188,48,+
3664622,3664669,50,+
3669532,3669556,48,-
3670535,3670567,52,-
3672413,3672435,61,+
3673928,3673946,52,+
3674562,3674583,62,-
3674874,3674903,52,+
3675338,3675378,70,+
3675568,3675598,80,-
3675973,3676013,54,+
3679637,3679662,71,-
3681705,3681725,47,+
3685952,3685970,67,-
3686018,3686039,48,-
3687596,3687634,58,+
3687973,3687996,50,-
3693816,3693835,49,-
3695078,3695105,66,+
3695927,3695946,52,-
3700178,3700207,60,+
3707268,3707288,54,+
3708778,3708814,70,-
3713255,3713288,55,+
3713761,3713779,51,+
3713806,3713845,53,+
3714289,3714315,73,-
3714736,3714766,51,-
3715527,3715553,56,+
3721568,3721592,59,+
3721699,3721723,48,+
3722875,3722895,64,+
3726281,3726301,47,-
3726318,3726337,49,-
3729004,3729022,67,+
3729195,3729234,55,+
3734076,3734099,60,-
3737187,3737206,65,+
3737259,3737298,57,+
3737352,3737383,62,+
3737507,3737545,54,+
3739350,3739370,64,+
3739998,3740022,69,-
3742245,3742274,62,-
3742849,3742887,51,-
3744810,3744838,52,+
3750844,3750869,47,-
3751265,3751286,90,+
3751355,3751373,67,-
3753046,3753069,48,+
3758116,3758161,50,-
3759952,3759986,55,+
3760145,3760182,58,-
3760715,3760734,47,+
3761051,3761071,47,+
3762358,3762391,48,+
3764335,3764355,82,-
3764431,3764467,58,-
3766957,3766993,47,-
3767902,3767917,72,+
3768183,3768212,66,+
3768653,3768688,61,+
3769444,3769468,48,+
3771130,3771158,54,-
3774856,3774902,104,+
3775226,3775266,54,-
3775747,3775779,49,+
3775987,3776016,65,-
3776218,3776250,64,+
3776335,3776362,65,-
3776385,3776403,67,-
3776670,3776691,48,+
3777780,3777822,54,-
3780710,3780728,50,+
3780806,3780822,52,-
3781204,3781241,56,-
3781865,3781884,47,+
3782358,3782404,52,-
3787794,3787814,47,-
3788565,3788595,63,+
3789307,3789338,60,-
3789747,3789769,61,+
3791257,3791292,56,-
3791981,3792007,60,-
3792769,3792797,63,-
3795572,3795615,53,-
3795623,3795661,102,+
3797287,3797310,60,+
3798358,3798393,62,-
3802141,3802170,57,-
3807872,3807890,67,-
3810751,3810776,71,+
3814462,3814501,54,+
3817453,3817481,53,-
3817660,3817689,98,+
3819804,3819838,50,-
3821601,3821623,51,+
3821654,3821683,98,+
3821693,3821737,81,-
3824380,3824411,65,-
3825105,3825125,47,-
3826086,3826115,98,-
3826766,3826791,47,-
3827152,3827175,49,+
3830137,3830155,51,-
3832029,3832053,48,-
3833685,3833700,53,-
3833965,3833996,63,-
3834097,3834120,60,-
3835074,3835105,65,+
3836248,3836268,47,-
3838148,3838177,67,+
3838541,3838570,52,-
3840500,3840521,53,-
3842906,3842934,52,+
3843220,3843244,48,-
3843830,3843871,69,-
3844714,3844738,48,-
3847682,3847712,62,-
3849250,3849282,52,+
3850998,3851027,65,-
3851141,3851158,50,-
3851601,3851625,59,-
3851992,3852015,49,-
3852406,3852431,47,-
3853373,3853410,47,+
3855269,3855299,64,-
3857766,3857811,53,-
3858273,3858303,68,-
3858525,3858543,49,-
3859807,3859834,55,-
3860000,3860019,49,-
3860026,3860050,48,+
3862475,3862506,50,-
3863451,3863480,63,-
3868322,3868341,49,-
3872797,3872822,67,-
3873099,3873130,50,-
3873700,3873739,58,-
3875040,3875069,52,-
3875176,3875195,49,-
3876010,3876031,51,-
3877187,3877207,49,-
3880032,3880054,61,-
3881712,3881749,58,-
3881767,3881796,52,+
3881968,3881999,112,-
3882030,3882063,79,-
3882393,3882423,67,-
3882795,3882819,48,-
3884677,3884716,49,-
3884938,3884966,69,-
3887432,3887473,53,-
3888587,3888614,55,-
3889594,3889621,55,-
3889865,3889898,94,+
3889923,3889938,72,-
3891512,3891545,51,-
3891941,3891971,66,-
3894586,3894605,49,-
3897019,3897051,64,+
3898528,3898561,64,+
3898588,3898615,65,-
3899790,3899819,67,-
3900320,3900361,53,+
3900830,3900846,52,-
3902586,3902611,72,+
3904161,3904196,91,-
3906300,3906337,64,-
3911519,3911553,63,-
3911587,3911614,88,-
3911896,3911921,57,-
3912489,3912504,53,-
3912615,3912643,69,-
3913978,3914007,52,-
3915133,3915163,51,-
3917519,3917554,61,-
3918013,3918055,51,-
3918512,3918528,53,-
3922944,3922969,56,-
3923141,3923161,47,-
3923843,3923866,49,-
3924048,3924077,52,+
3925129,3925161,60,-
3925302,3925322,64,-
3925838,3925870,60,-
3926327,3926362,64,+
3929309,3929340,93,-
3930703,3930733,51,-
3931801,3931837,56,-
3932237,3932267,67,-
3933385,3933417,49,-
3934067,3934090,60,+
3937890,3937922,63,+
3938188,3938213,75,-
3941055,3941090,61,+
3941525,3941547,49,+
3942220,3942243,50,-
3942626,3942643,69,-
3942680,3942715,59,-
3942996,3943023,55,+
3944129,3944152,49,-
3944479,3944509,62,-
3945278,3945301,72,+
3945356,3945380,70,-
3945586,3945613,68,-
3945721,3945747,56,-
3948258,3948278,64,-
3950035,3950074,53,-
3950604,3950633,98,+
3951030,3951061,77,+
3954393,3954411,49,-
3954724,3954741,52,-
3955768,3955793,57,-
3956266,3956298,70,-
3956300,3956324,59,-
3956407,3956427,47,+
3956517,3956540,49,-
3956754,3956792,55,-
3957222,3957250,54,+
3961492,3961516,59,-
3962451,3962494,49,-
3963373,3963390,69,-
3965256,3965280,59,-
3965830,3965855,47,-
3966357,3966379,97,+
3966396,3966430,136,+
3972470,3972491,72,+
3972857,3972879,48,-
3973096,3973128,63,-
3975691,3975726,47,+
3976582,3976612,51,-
3978484,3978504,51,-
3979226,3979250,69,-
3979890,3979925,76,+
3980227,3980264,64,+
3980317,3980335,49,+
3985376,3985400,60,-
3985907,3985939,65,-
3987960,3987997,61,-
3989454,3989481,65,-
3989577,3989602,75,-
3992759,3992805,48,-
3994061,3994083,48,+
3995380,3995411,62,-
3996736,3996755,66,+
3997136,3997175,61,-
3997872,3997892,47,+
4001675,4001718,48,+
4003654,4003685,77,-
4004388,4004407,51,-
4004590,4004615,47,-
4008710,4008728,67,-
4012778,4012797,66,+
4015634,4015653,47,+
4016126,4016155,55,-
4016316,4016346,55,-
4018443,4018482,54,-
4021179,4021210,50,+
4021350,4021378,54,+
4024226,4024263,58,+
4024321,4024361,58,-
4025178,4025197,49,-
4026297,4026314,50,-
4027497,4027526,98,+
4030696,4030719,106,+
4031582,4031611,52,-
4036203,4036240,47,-
4036548,4036570,48,-
4037944,4037976,93,+
4040215,4040262,50,-
4041949,4041978,98,-
4045853,4045887,48,-
4046457,4046480,60,-
4046672,4046701,52,+
4048105,4048149,50,-
4048506,4048535,57,+
4048560,4048585,67,-
4049122,4049149,71,-
4049771,4049798,55,-
4051345,4051375,60,-
4051829,4051864,67,-
4052277,4052312,58,-
4054838,4054864,56,-
4055407,4055426,47,+
4056342,4056387,48,-
4056962,4056985,50,+
4058298,4058336,59,-
4058413,4058432,49,-
4059935,4059966,55,-
4061308,4061332,48,-
4062112,4062133,63,-
4062496,4062516,48,-
4062766,4062790,61,+
4062841,4062870,98,+
4062946,4062974,63,-
4064982,4065011,87,-
4066625,4066658,48,-
4067487,4067505,49,+
4069199,4069234,58,+
4069296,4069317,49,-
4075217,4075234,50,-
4076077,4076099,61,-
4085213,4085232,47,+
4085572,4085608,48,-
4090098,4090115,50,-
4090436,4090465,69,-
4091727,4091755,54,-
4091896,4091924,69,-
4092876,4092895,47,-
4093535,4093567,59,-
4095981,4096006,57,+
4096145,4096184,70,-
4096918,4096950,64,+
4098368,4098395,61,-
4099137,4099178,48,-
4100009,4100051,50,+
4102069,4102101,60,+
4103610,4103649,53,-
4110386,4110406,64,+
4114947,4114979,49,+
4115596,4115621,61,+
4117268,4117283,53,-
4118697,4118720,48,-
4119565,4119596,67,+
4125023,4125056,48,-
4125105,4125135,70,+
4126119,4126144,57,-
4126330,4126366,64,-
4126749,4126769,51,-
4127979,4127999,64,-
4131238,4131256,49,+
4131258,4131292,56,-
4131912,4131941,52,-
4133771,4133791,49,-
4134211,4134255,52,+
4134425,4134460,50,+
4134956,4135003,50,-
4136289,4136304,53,+
4137691,4137721,49,-
4140691,4140724,52,-
4142994,4143030,59,+
4143759,4143784,47,-
4143798,4143840,52,-
4147663,4147690,67,-
4148917,4148957,52,+
4149233,4149266,58,-
4153149,4153170,63,+
4156120,4156155,55,+
4156268,4156297,52,-
4158612,4158647,61,+
4164302,4164342,52,+
4164973,4164992,47,-
4166055,4166102,49,-
4169029,4169055,56,+
4170688,4170710,48,-
4172632,4172665,62,+
4180018,4180056,53,+
4183735,4183762,55,+
4185593,4185616,60,-
4185810,4185839,98,-
4187783,4187817,59,+
4189809,4189840,50,-
4191087,4191117,67,-
4191723,4191759,70,-
4192704,4192735,67,+
4194373,4194395,61,+
4194792,4194828,91,+
4194869,4194886,69,-
4196459,4196490,66,+
4197090,4197118,54,-
4197871,4197906,50,-
4198175,4198202,61,-
4201910,4201934,59,-
4203424,4203462,53,+
4204039,4204068,52,+
4205198,4205219,48,-
4207673,4207696,49,+
4211771,4211801,51,-
4213546,4213575,60,+
4213744,4213768,71,+
4216641,4216673,49,-
4221329,4221348,47,+
4221780,4221821,50,+
4221840,4221874,108,-
4223648,4223681,64,-
4224377,4224402,67,-
4228813,4228846,48,-
4229065,4229105,53,-
4230050,4230082,51,-
4230803,4230824,53,-
4230942,4230960,49,-
4231031,4231060,98,+
4231076,4231113,60,-
4231141,4231164,49,-
4232449,4232488,73,-
4233675,4233704,98,-
4235052,4235088,61,-
4236831,4236857,56,-
4240731,4240764,56,+
4242538,4242559,62,-
4244090,4244106,52,-
4247660,4247697,59,-
4247805,4247828,60,+
4249535,4249565,77,-
4249779,4249797,49,-
4253600,4253631,52,+
4255964,4255997,62,-
4256110,4256139,98,+
4257782,4257806,48,-
4261831,4261858,55,+
4263617,4263642,58,-
4264441,4264466,57,+
4265448,4265467,112,+
4265512,4265529,69,-
4265973,4266001,54,+
4268186,4268224,59,-
4268656,4268683,55,+
4272599,4272618,47,-
4273657,4273681,48,-
4273741,4273782,55,+
4274016,4274056,92,-
4275997,4276024,65,+
4277051,4277079,54,+
4277426,4277449,48,-
4277791,4277829,56,+
4277894,4277914,47,-
4277919,4277938,66,-
4278607,4278629,48,-
4279715,4279758,50,-
4283901,4283946,53,-
4284018,4284042,72,-
4288594,4288636,53,-
4288781,4288800,49,+
4289155,4289186,65,-
4289324,4289348,48,-
4289739,4289773,136,+
4289784,4289806,97,+
4290234,4290264,62,+
4290603,4290633,51,-
4291443,4291463,47,+
4291551,4291576,75,-
4291719,4291742,48,-
4292781,4292809,55,-
4294047,4294070,61,-
4294533,4294574,65,-
4294951,4294978,71,+
4299086,4299115,52,-
4299592,4299629,59,+
4300786,4300818,67,-
4300847,4300865,67,-
4302263,4302289,56,-
4302700,4302718,49,-
4303258,4303279,49,+
4306622,4306641,49,-
4308836,4308861,57,-
4310149,4310188,98,+
4311939,4311960,49,+
4312005,4312025,49,-
4312153,4312171,51,+
4312210,4312252,53,+
4312387,4312409,51,+
4312444,4312483,53,+
4312874,4312909,57,-
4313225,4313248,50,-
4313297,4313328,60,+
4313580,4313615,55,-
4313658,4313699,53,+
4313842,4313861,52,-
4313973,4314002,63,-
4314075,4314109,58,-
4314245,4314264,47,-
4315785,4315824,57,-
4319086,4319112,56,-
4319617,4319635,49,-
4327365,4327384,47,+
4333294,4333325,82,-
4335843,4335870,55,+
4335919,4335949,51,-
4340180,4340201,48,-
4341856,4341882,56,+
4345027,4345048,63,-
4353009,4353054,52,-
4353677,4353695,49,-
4355129,4355146,50,-
4366563,4366585,48,-
4367702,4367734,49,+
4379021,4379049,68,+
4385068,4385106,61,+
4385881,4385925,52,-
4386845,4386871,61,+
4391258,4391280,63,+
4397744,4397766,51,-
4399289,4399305,70,+
4403433,4403469,54,-
4404622,4404637,53,+
4405667,4405698,59,+
4406683,4406698,72,+
4410757,4410777,49,+
4410926,4410962,56,-
4412451,4412494,49,-
4417229,4417265,59,-
4417547,4417580,58,+
4422291,4422321,63,-
4424294,4424313,47,-
4424923,4424943,51,-
4426541,4426581,53,-
4430149,4430178,54,+
4430329,4430353,48,-
4430809,4430839,51,-
4433749,4433771,49,+
4436112,4436128,53,-
4436167,4436186,47,+
4443668,4443697,52,-
4451483,4451516,52,+
4451790,4451829,58,+
4452522,4452554,51,+
4463264,4463299,100,-
4464655,4464689,60,-
4470636,4470657,48,-
4483768,4483792,48,-
4487254,4487291,58,+
4492781,4492799,49,-
4509872,4509897,71,-
4510211,4510233,61,-
4515595,4515619,48,+
4517368,4517408,52,-
4522238,4522267,54,-
4525970,4526002,62,-
4529165,4529185,47,-
4532916,4532954,53,-
4533446,4533463,69,-
4534634,4534654,47,+
4535292,4535316,59,+
4535405,4535429,48,+
4537944,4537964,48,-
4537996,4538014,50,-
4540271,4540293,48,-
4540864,4540894,51,-
4541751,4541778,64,-
4542439,4542468,52,-
4544400,4544421,49,+
4547623,4547648,57,+
4548000,4548018,49,-
4548825,4548845,49,-
4549187,4549214,71,-
4549918,4549951,65,+
4551249,4551277,54,-
4552352,4552390,56,-
4554752,4554773,63,+
4556173,4556206,56,-
4556438,4556461,50,-
4556906,4556932,56,-
4557539,4557576,59,+
4558336,4558357,48,+
4562976,4562999,49,+
4563149,4563180,83,-
4564581,4564600,66,+
4565893,4565924,61,-
4565936,4565968,65,-
4566685,4566721,64,-
4566760,4566790,79,-
4566952,4566976,71,-
4567003,4567029,61,-
4573171,4573208,47,-
4573379,4573412,67,-
4574383,4574402,49,+
4575045,4575068,60,-
4575232,4575275,55,-
4575583,4575611,55,-
4575937,4575975,58,-
4577854,4577875,62,-
4579423,4579459,54,+
4579468,4579503,92,-
4579540,4579575,48,+
4581259,4581285,84,+
4585613,4585647,54,+
4590495,4590523,54,-
4591031,4591066,50,+
4592041,4592077,59,-
4592841,4592864,48,+
4592870,4592892,48,-
4593738,4593773,65,+
4594221,4594252,67,-
4597822,4597857,59,+
4598038,4598056,67,+
4602146,4602172,86,+
4608601,4608616,53,-
4610378,4610398,47,+
4611823,4611849,55,+
4613434,4613453,47,+
4618543,4618589,47,-
4620226,4620255,98,+
4624268,4624302,55,+
4626029,4626048,49,+
4627262,4627291,52,+
4628545,4628575,83,-
4630454,4630488,62,+
4631789,4631814,57,+
4631992,4632011,47,+
4634010,4634035,57,-
4634421,4634465,49,-
4634593,4634611,52,+
4635326,4635349,49,+
4635670,4635707,61,+
4637684,4637714,64,-
4639267,4639299,49,+
4639760,4639802,53,+
4641007,4641025,52,-
4644500,4644521,63,-
4644660,4644685,57,-
4645114,4645139,47,+
4646843,4646878,61,+
4647057,4647076,93,+
4647292,4647323,52,+
4647331,4647358,71,+
4648877,4648906,52,+
4649011,4649030,47,-
4649167,4649196,61,+
4649486,4649507,48,-
4652842,4652876,58,+
4653265,4653292,55,+
4653460,4653499,86,+
